66 12 212
55 23 146
60 69 448
31 58 990
21 64 774
24 98 349
46 10 150
33 36 464
49 18 871
25 47 821
61 5 661
30 70 833
74 19 880
92 20 552
9 43 489
63 29 683
21 46 64
6 74 100
20 5 902
51 81 483
32 33 713
23 45 542
62 88 238
40 57 774
43 5 309
47 60 783
28 96 796
17 37 303
32 66 812
65 47 449
69 54 513
95 60 308
54 9 541
21 92 759
46 46 521
68 57 475
13 36 273
58 9 393
32 40 338
7 59 156
24 91 872
83 98 194
5 24 105
81 17 687
51 52 907
69 41 658
10 41 178
20 29 371
99 18 224
48 70 337
17 34 184
47 18 149
71 20 988
80 15 623
52 83 905
61 9 760
78 37 377
90 92 93
76 88 778
68 2 738
89 99 246
42 80 243
10 31 965
8 52 76
14 26 525
61 46 471
19 55 56
31 17 815
63 86 342
48 8 984
11 54 363
92 32 906
56 17 658
20 84 806
50 91 92
65 19 273
52 64 223
91 82 998
65 16 594
69 49 649
40 20 818
92 19 876
52 47 977
39 42 309
25 9 261
12 80 279
19 79 502
34 62 92
70 67 198
29 47 695
63 22 614
84 78 273
4 17 352
96 83 928
81 6 82
22 2 414
71 18 446
12 29 369
39 24 758
1 54 586
66 74 731
18 38 992
38 53 343
96 91 862
75 28 602
85 49 421
43 67 599
40 82 852
93 98 99
43 56 870
47 47 798
84 43 85
17 30 397
100 63 826
27 84 242
11 96 259
52 9 806
38 37 859
92 24 865
100 39 216
15 33 576
78 99 815
18 3 641
86 41 346
31 67 362
88 81 328
40 27 778
12 66 946
81 97 265
87 44 800
45 59 269
89 11 384
24 9 874
9 8 235
41 25 172
20 86 517
33 93 366
89 66 301
23 47 843
99 91 332
18 84 956
23 42 788
53 41 634
45 52 309
61 90 380
24 76 969
72 58 257
27 59 515
9 48 912
47 16 146
93 98 664
82 68 743
67 23 905
30 82 806
17 14 549
96 63 899
65 43 93
94 10 450
36 35 723
33 40 758
33 23 558
17 40 853
88 46 342
54 86 309
25 28 447
13 55 624
64 10 554
8 18 647
54 73 300
13 91 668
22 22 536
10 80 823
34 4 344
16 74 417
93 88 338
7 69 699
79 63 902
37 92 614
29 35 184
34 55 587
83 17 84
14 44 67
42 77 112
27 11 731
47 21 610
39 16 783
73 24 167
99 100 346
18 11 167
59 40 337
91 59 315
60 18 829
58 96 97
99 57 935
33 13 633
96 27 254
32 75 213
65 88 473
27 79 553
21 62 168
76 13 141
25 17 861
96 21 541
98 58 588
84 48 306
21 52 708
18 38 723
86 56 473
23 12 856
28 79 801
46 84 939
51 7 984
5 79 199
26 42 719
15 59 220
56 34 972
72 1 183
69 16 175
98 61 379
36 74 290
15 83 798
38 77 423
96 63 564
83 60 496
18 10 382
71 52 218
66 99 647
85 61 757
17 89 932
80 67 429
11 46 366
65 99 465
26 83 434
3 51 759
32 56 825
58 82 579
64 43 801
44 48 173
64 89 579
14 100 332
22 71 196
12 63 759
38 40 999
4 50 175
52 34 560
11 90 262
54 84 823
74 26 645
82 82 212
25 4 439
53 65 374
34 11 168
21 69 184
53 6 240
32 11 818
23 87 621
1 94 338
1 24 525
39 83 167
31 57 503
35 64 115
59 88 186
3 16 660
83 68 85
88 80 257
5 71 796
30 40 895
37 8 186
95 100 494
65 87 100
64 82 348
15 63 916
29 43 493
82 57 477
49 32 538
48 27 53
89 11 606
63 58 884
12 52 929
34 69 535
20 41 761
57 66 374
69 56 70
49 96 808
84 18 235
1 20 195
87 95 634
25 80 890
16 75 394
26 70 707
9 45 82
83 42 84
83 34 126
95 58 821
96 68 486
28 8 713
84 73 197
58 40 622
55 81 883
41 34 560
23 59 88
59 33 354
59 77 416
5 86 156
98 62 863
58 84 397
35 62 284
53 74 143
71 59 746
95 51 777
40 95 323
29 38 979
20 93 295
72 81 127
43 100 298
92 33 471
82 17 791
22 79 805
62 51 87
27 3 662
13 39 514
90 98 483
7 76 114
100 21 996
42 4 781
53 59 209
72 51 254
42 38 502
45 39 670
27 40 819
7 92 538
76 61 473
79 65 88
40 96 616
40 39 300
1 16 307
93 65 999
79 62 94
24 39 805
86 49 97
22 73 267
80 46 694
33 76 994
98 8 792
60 40 369
57 30 351
3 44 910
65 94 639
25 31 263
91 59 971
26 74 869
44 71 642
53 15 428
74 21 683
28 41 411
42 87 922
73 38 712
78 54 138
84 73 218
15 95 403
28 27 982
77 33 724
11 91 92
8 25 599
81 20 474
52 48 709
63 55 676
79 83 400
59 31 94
35 58 219
100 85 748
36 81 307
70 100 715
1 29 404
57 20 596
81 5 961
51 82 623
29 2 506
87 66 934
22 23 819
38 46 954
53 99 154
75 22 806
91 33 555
64 11 710
6 74 641
43 78 820
23 78 79
60 32 435
75 46 158
1 69 147
82 75 955
47 42 894
29 57 444
11 78 79
58 79 336
21 28 451
95 12 449
28 29 173
2 25 855
90 77 111
73 90 201
59 40 481
99 89 418
56 50 448
98 27 925
23 5 922
25 61 361
25 1 291
51 89 648
65 89 162
77 60 78
6 25 835
5 1 193
49 81 749
13 37 670
80 35 708
26 43 465
73 95 202
3 88 685
58 84 863
68 19 229
87 20 665
30 16 827
72 99 106
21 70 816
48 7 358
1 65 535
40 76 196
68 64 79
37 53 385
74 30 185
10 49 622
40 23 413
83 22 219
3 39 930
90 17 510
25 62 150
82 94 748
90 98 868
58 65 877
29 51 261
63 49 853
43 61 951
67 25 949
27 46 307
9 81 680
47 5 828
10 62 853
97 86 681
95 76 563
41 57 58
16 62 427
67 68 257
40 24 589
14 91 552
56 87 447
2 51 293
21 90 366
55 88 990
78 24 79
67 77 230
41 13 952
13 84 697
14 17 122
60 78 328
87 74 708
70 58 557
62 22 907
19 94 183
21 35 336
86 72 725
45 16 986
94 2 95
28 91 539
5 14 622
86 32 100
58 27 601
54 4 441
74 48 885
71 32 164
67 64 462
75 47 862
83 48 659
53 11 287
23 49 59
25 72 605
29 54 108
21 27 694
53 29 863
54 19 902
54 29 658
43 31 683
85 1 980
95 34 385
43 94 762
33 1 523
54 90 200
70 68 689
73 4 156
82 53 331
24 81 458
51 9 281
24 12 388
68 83 651
37 56 231
78 65 604
30 10 936
7 39 597
31 21 177
11 23 904
96 5 530
55 51 264
46 4 558
68 33 464
59 31 485
95 51 464
98 99 491
12 18 916
94 92 823
45 13 601
24 38 979
54 14 832
70 71 304
29 44 616
32 88 95
50 9 843
65 93 772
76 76 848
28 27 504
67 12 952
63 73 348
94 16 376
44 8 715
93 51 939
25 58 804
46 2 950
29 58 466
55 53 344
43 14 239
80 35 228
76 98 639
40 11 270
60 45 676
34 23 312
34 27 599
51 70 169
90 66 581
50 50 851
4 21 368
65 13 66
63 10 927
31 74 214
8 62 898
67 22 293
18 40 268
30 85 742
66 26 472
76 86 87
51 42 986
80 1 415
66 46 477
75 11 444
25 39 94
50 21 65
30 83 251
28 73 848
96 38 101
80 44 510
15 28 190
62 49 71
8 41 795
69 93 262
59 61 146
64 42 612
17 14 513
3 73 279
14 12 800
12 50 286
51 61 269
44 14 836
99 21 472
81 76 510
49 9 185
56 47 210
53 42 246
63 92 655
86 17 952
28 60 788
88 9 89
92 32 498
73 20 807
78 100 829
91 34 398
96 42 690
43 97 935
29 15 789
6 29 480
29 23 150
18 26 75
2 65 363
57 38 81
76 89 90
18 86 461
81 91 1000
69 59 760
43 8 170
77 21 187
22 25 481
51 83 734
76 54 868
44 77 930
62 67 277
22 96 447
28 54 786
49 5 478
60 100 630
56 30 920
77 32 894
16 47 86
99 87 256
73 73 537
86 1 360
14 23 909
66 93 872
92 19 389
75 8 646
16 48 296
76 44 77
7 14 229
42 80 909
54 48 184
41 54 774
10 26 480
37 75 899
14 38 615
25 97 571
6 5 351
5 25 69
99 63 717
42 46 134
29 41 748
56 14 158
23 7 783
95 56 523
100 57 780
81 56 819
33 46 807
20 51 959
44 21 401
79 38 224
29 63 768
93 32 225
15 72 322
52 45 265
96 63 430
53 82 308
89 82 710
84 91 565
37 76 773
45 80 621
51 100 753
90 77 379
62 7 218
23 63 120
60 65 82
46 50 943
60 50 70
31 15 673
20 85 323
73 100 988
10 26 372
48 37 767
27 41 963
79 8 162
26 37 205
16 66 700
4 59 73
50 97 98
95 92 622
10 18 340
7 8 515
93 38 94
37 92 226
49 82 904
9 37 916
13 87 324
26 70 912
55 4 793
88 70 805
8 89 90
60 2 126
68 82 396
42 96 607
83 100 940
62 28 144
9 20 931
75 15 810
82 29 695
27 97 656
43 71 921
47 89 233
90 78 668
74 66 721
68 17 872
87 55 337
72 37 328
55 14 324
23 38 707
39 64 537
14 19 941
83 18 452
100 77 218
34 62 260
99 72 100
66 15 961
12 37 342
4 82 507
14 58 168
13 26 964
55 77 117
68 59 518
74 58 612
70 39 940
64 32 890
52 72 597
43 44 195
2 65 997
46 37 510
67 78 402
4 26 935
7 1 265
98 40 587
45 55 923
64 28 112
97 24 678
17 60 138
3 74 185
93 72 116
29 82 997
63 68 790
86 77 935
90 95 135
86 11 546
15 79 180
82 40 854
5 50 966
2 67 373
19 51 97
69 42 496
62 79 362
53 48 752
24 1 404
33 42 671
81 48 797
36 54 334
55 45 678
20 55 629
39 20 156
93 29 127
81 32 583
14 85 820
8 34 694
65 88 130
14 32 621
34 13 253
7 80 804
85 78 870
16 7 265
6 89 122
39 2 979
38 69 476
36 47 280
68 61 755
7 58 421
75 77 167
84 60 421
7 21 292
76 10 561
60 67 328
44 40 521
73 17 493
30 51 226
75 60 360
34 1 162
99 94 109
22 11 367
3 70 71
18 71 72
77 70 866
5 41 958
52 11 113
35 16 520
98 14 500
14 51 476
2 34 953
65 60 547
69 5 546
73 23 235
4 31 839
90 34 333
63 32 268
27 36 156
21 53 280
60 89 782
89 63 921
68 25 222
37 35 765
57 97 988
42 48 154
67 98 864
68 42 387
37 46 935
58 88 89
53 69 299
63 39 139
6 87 944
4 43 86
65 71 240
30 1 353
25 30 947
8 4 850
80 98 583
82 5 816
21 15 426
34 53 212
87 74 447
76 64 551
96 13 692
96 1 803
16 8 998
45 11 127
86 88 893
71 26 940
54 15 728
80 26 389
53 32 434
7 19 689
90 13 203
86 100 671
33 12 805
39 50 144
72 100 282
17 31 703
47 33 850
70 53 298
3 75 939
91 34 763
90 98 313
34 55 555
43 13 340
36 89 666
68 63 92
25 92 573
47 95 785
70 79 842
59 56 506
65 15 356
87 14 686
12 82 699
31 77 953
41 14 710
4 59 811
57 52 381
98 8 997
75 51 430
75 21 432
39 24 834
4 63 83
81 52 228
34 35 820
92 98 582
37 42 157
51 75 805
79 32 399
55 78 182
77 67 207
7 34 176
32 88 657
90 37 781
21 13 625
72 27 511
49 92 535
95 38 864
33 85 644
40 6 320
76 74 917
59 52 572
77 27 503
60 83 813
77 100 905
99 57 641
67 15 274
20 45 807
80 57 475
37 1 624
59 70 962
30 8 616
56 2 343
73 57 346
90 66 91
44 66 452
40 16 233
44 52 632
90 20 935
29 69 104
36 48 550
70 27 242
80 47 575
40 11 580
86 85 200
40 61 515
91 59 207
44 75 772
51 69 179
70 2 400
87 27 682
44 54 233
34 20 971
90 83 372
76 64 152
75 40 460
41 5 323
37 56 597
47 89 732
94 92 516
82 69 231
94 71 963
52 88 462
64 45 69
22 33 519
74 61 630
32 62 697
98 28 99
24 41 587
69 36 577
22 97 98
20 38 115
43 39 541
64 19 184
17 14 561
51 75 811
75 44 491
64 68 134
70 27 906
89 62 501
47 63 959
13 10 991
30 67 109
96 14 941
97 11 774
12 42 458
79 66 263
89 64 789
38 25 845
22 38 700
96 97 833
5 16 991
55 93 756
66 78 336
20 75 723
59 96 499
14 7 465
1 13 111
54 19 959
86 50 450
80 11 819
58 87 180
93 38 349
80 66 629
26 46 198
88 92 900
22 74 789
49 77 784
63 10 462
30 57 204
57 92 891
50 29 799
45 57 583
48 1 771
71 67 790
13 51 710
81 68 392
38 35 929
75 36 104
73 61 294
80 6 572
23 48 119
41 18 313
42 16 752
90 83 179
5 62 937
32 44 566
11 31 540
51 27 488
41 8 595
13 87 552
43 34 356
47 4 961
72 52 910
18 80 995
13 42 731
26 3 716
76 56 182
4 62 927
47 30 181
1 87 975
88 49 292
37 46 606
9 45 123
20 84 484
91 61 573
67 61 833
1 72 518
19 57 670
61 12 102
85 58 280
78 99 634
73 42 783
24 63 881
68 47 128
39 9 746
37 48 124
47 35 613
31 65 585
38 97 933
46 94 545
94 31 413
31 31 337
18 38 935
44 54 643
38 27 774
51 64 378
85 22 329
87 34 787
11 76 717
88 82 89
90 37 509
58 43 749
86 51 297
42 5 594
75 100 156
19 71 130
8 67 68
93 35 896
82 48 647
81 6 594
59 35 300
70 34 330
93 40 692
56 47 193
87 41 830
72 70 832
21 52 85
26 38 369
66 71 394
30 5 600
55 66 242
49 25 672
29 100 759
54 41 621
65 69 128
7 73 342
84 27 980
81 95 905
88 48 304
2 79 526
39 67 686
47 94 394
1 99 300
7 82 709
20 68 435
88 37 266
62 64 816
35 25 214
51 42 234
29 2 388
87 14 956
90 9 411
22 36 411
66 1 358
100 30 429
90 57 286
80 93 875
50 11 231
8 54 782
3 14 612
59 82 379
44 84 462
9 9 423
83 25 293
49 55 228
64 56 961
7 48 544
66 48 619
73 94 725
54 18 195
92 52 581
26 69 881
39 69 123
75 78 226
88 59 840
90 30 799
86 92 525
4 35 527
29 71 194
52 50 207
13 18 927
80 60 566
85 13 718
4 15 312
10 31 252
30 44 526
27 74 968
48 29 564
8 1 795
61 67 831
98 90 453
15 66 503
88 44 690
47 64 742
30 2 898
89 85 857
3 91 92
7 87 726
13 91 408
66 3 213
60 51 292
65 10 637
24 2 745
74 67 752
20 28 802
93 83 94
94 32 620
86 92 499
84 10 967
25 86 471
72 33 73
21 100 306
37 46 986
82 96 502
4 78 151
49 62 824
42 81 618
76 83 481
42 96 395
62 13 954
56 75 987
84 78 170
80 33 501
2 95 517
26 77 717
32 9 55
11 52 731
49 98 343
24 97 357
51 75 448
61 42 195
56 21 814
16 40 744
71 48 747
40 51 604
59 71 490
6 70 835
77 13 464
96 56 191
38 68 282
90 1 111
40 35 646
48 74 809
50 73 293
11 39 714
95 26 582
74 76 134
56 22 102
87 42 760
18 33 873
9 22 718
87 90 382
74 38 278
92 46 269
67 45 185
45 27 509
33 93 533
5 34 592
6 80 839
46 89 615
24 41 553
63 29 283
65 64 953
30 51 965
52 80 113
14 18 274
55 72 441
47 13 750
14 93 867
98 88 177
33 8 115
91 66 544
22 52 307
92 17 93
3 92 719
77 99 955
54 46 87
43 96 539
79 71 111
28 78 992
64 63 682
61 61 549
70 39 702
99 41 201
91 17 92
53 94 757
12 57 58
29 1 579
60 81 679
39 66 837
18 26 217
37 29 973
61 28 650
86 58 248
32 91 246
93 96 213
57 77 415
42 49 126
46 61 524
97 9 260
42 63 324
14 36 112
82 2 966
27 52 643
83 91 846
74 99 544
92 10 133
44 47 882
11 66 971
83 84 455
7 63 224
18 66 676
80 12 494
71 72 330
60 6 824
84 8 248
84 20 564
78 27 123
93 30 670
71 12 858
19 24 472
57 11 93
48 96 482
37 39 372
34 22 941
48 5 743
52 11 191
5 78 196
92 44 842
53 43 700
12 20 987
91 20 636
52 74 679
50 52 681
78 57 195
55 38 309
24 91 334
36 28 689
4 84 965
96 28 97
98 80 730
85 73 595
11 76 455
65 36 716
42 96 449
75 3 810
98 70 420
15 68 381
35 19 864
66 71 313
51 70 261
28 88 654
5 64 408
63 49 180
34 8 204
37 99 714
90 76 794
41 81 594
37 60 901
49 4 202
99 10 524
96 30 553
49 29 880
63 35 162
70 48 407
48 50 981
5 60 973
2 7 788
73 32 917
21 88 573
63 34 465
64 74 275
59 17 732
98 82 303
37 27 919
5 82 83
69 11 409
6 96 492
28 98 516
85 42 790
77 85 757
90 59 402
60 86 663
36 73 188
86 27 945
5 55 56
67 59 314
34 69 526
61 26 990
90 3 446
19 63 141
33 50 593
70 93 317
69 12 157
40 22 871
14 40 351
56 96 223
50 54 80
94 39 159
85 45 411
18 97 595
14 5 542
31 92 279
75 22 203
40 45 62
89 6 810
47 26 540
96 59 954
55 10 255
67 64 964
3 54 748
67 28 966
58 97 920
75 91 356
37 85 662
96 7 924
70 80 386
95 17 993
35 86 592
20 44 217
88 76 235
93 57 767
21 49 438
27 55 131
13 65 403
14 18 961
1 41 911
39 53 274
6 74 75
2 80 517
77 3 369
73 16 541
48 34 609
74 96 931
56 12 774
51 82 716
91 86 725
82 53 614
22 26 586
7 95 121
49 100 1000
37 58 508
40 36 145
23 49 747
65 55 845
5 42 381
34 32 909
9 15 621
13 78 329
2 35 158
14 2 639
89 81 916
82 19 469
98 90 276
24 38 642
28 44 281
8 83 168
86 88 232
15 82 83
84 72 553
57 28 90
7 29 534
16 62 962
12 14 298
26 83 285
37 68 782
37 86 174
51 27 802
15 74 776
48 98 342
27 76 350
10 54 616
63 84 218
79 37 455
44 90 604
3 52 423
89 44 838
16 63 520
10 100 718
30 87 257
67 24 456
66 76 363
35 4 318
96 59 595
84 84 919
67 38 590
20 74 491
41 23 405
91 16 137
63 7 793
19 84 113
99 10 652
43 60 576
76 22 77
56 32 355
58 95 740
33 46 974
50 18 751
58 24 154
42 20 957
6 93 792
83 86 766
83 1 459
62 36 268
98 34 908
65 86 931
49 8 965
75 53 342
94 89 795
1 18 255
45 26 692
90 68 860
93 94 263
39 77 859
14 27 126
38 46 277
91 82 807
59 20 838
49 66 527
59 78 365
76 19 870
27 30 758
85 69 367
19 58 157
55 12 81
6 94 847
3 57 936
51 52 597
9 1 269
66 20 168
90 57 272
12 67 712
56 20 448
69 14 100
4 17 606
96 74 930
88 34 792
13 48 419
98 54 982
10 91 359
1 61 615
51 95 885
52 4 84
68 1 682
37 54 546
97 60 667
91 51 817
81 97 694
70 5 236
72 87 214
26 46 77
93 71 94
50 29 396
88 18 768
97 71 125
84 90 736
26 1 592
37 17 538
68 93 840
71 8 513
30 40 976
48 54 392
10 9 166
69 66 476
80 71 264
27 95 151
29 10 547
84 71 964
12 89 378
53 84 373
54 28 953
38 30 596
27 31 67
42 80 942
6 90 410
64 100 478
75 100 101
17 79 508
47 80 81
34 74 413
71 46 172
19 27 970
87 17 524
91 5 475
73 65 877
39 31 145
17 11 280
37 54 303
15 64 323
10 30 913
59 91 558
85 10 964
56 85 606
11 76 442
57 34 296
77 93 628
1 41 547
29 41 514
23 35 830
40 4 759
48 41 505
100 7 620
45 70 826
16 94 947
99 100 728
99 64 209
99 25 116
88 9 813
25 6 585
43 35 212
61 85 261
74 85 361
68 96 583
22 19 491
54 100 101
6 88 879
60 71 606
24 6 1000
80 72 133
10 35 447
58 93 698
56 16 98
20 47 398
45 23 823
94 87 104
11 85 743
62 67 255
24 31 719
38 46 224
95 20 464
7 96 746
7 17 770
66 76 750
27 14 240
3 39 365
17 47 560
60 89 197
33 2 624
64 17 217
30 12 401
63 86 269
52 91 106
100 24 291
46 1 710
21 24 850
30 9 746
6 82 83
98 37 965
35 3 875
80 74 245
40 47 737
83 39 147
19 55 985
16 91 353
31 64 396
99 48 460
38 60 798
79 87 650
96 18 943
79 96 568
45 70 930
44 94 704
11 29 58
22 44 924
90 90 269
11 44 775
35 48 357
72 40 145
40 28 677
53 85 116
83 22 530
22 38 670
66 64 405
53 27 465
98 50 795
84 31 710
49 10 621
58 21 879
26 99 836
34 72 944
24 72 874
100 41 856
66 90 727
13 75 883
64 79 657
12 42 50
36 33 101
58 93 438
33 50 667
2 4 893
30 42 285
85 49 580
90 28 468
43 67 271
51 15 771
70 62 963
63 86 462
23 5 182
77 44 536
66 23 485
18 96 299
58 25 863
25 81 595
54 30 495
20 59 559
57 34 145
68 4 962
45 25 917
87 58 513
29 59 766
92 38 185
23 84 481
21 22 574
51 5 87
88 2 805
98 86 802
52 74 138
35 84 498
75 53 152
93 40 182
50 57 524
36 45 154
2 75 76
75 52 271
40 78 135
56 83 965
84 64 347
70 53 629
62 18 919
1 29 743
39 90 171
46 52 97
13 32 544
43 9 605
60 93 480
34 87 639
61 30 608
76 49 144
82 58 83
10 35 498
17 34 641
30 12 431
49 77 78
49 30 962
48 67 856
73 85 437
46 47 94
93 8 965
73 4 178
92 19 350
98 95 540
65 34 986
86 27 270
91 34 875
42 12 219
95 97 640
29 64 862
99 3 100
51 33 924
7 41 86
24 18 109
24 31 71
3 73 929
36 81 84
53 67 428
63 77 445
11 44 572
67 79 881
35 54 996
8 77 641
36 66 931
50 38 81
30 56 594
71 18 514
9 98 548
1 23 740
61 79 840
78 5 96
26 23 306
83 33 293
70 89 91
67 26 685
70 74 129
46 25 476
99 52 837
64 63 463
48 83 509
11 34 722
32 6 676
7 93 482
61 92 141
96 84 783
42 49 572
61 29 705
65 59 746
49 66 123
63 71 219
16 69 639
98 34 970
94 4 780
1 42 280
64 33 243
6 98 279
43 64 492
70 51 721
86 42 508
7 56 858
91 6 576
92 28 810
5 95 244
56 42 837
11 21 759
61 35 522
17 74 817
67 17 600
71 73 592
58 79 541
20 43 820
53 45 261
79 10 609
23 95 387
26 45 337
95 86 268
40 83 200
32 9 917
59 60 291
62 29 246
64 23 633
95 93 980
73 6 720
18 33 595
21 16 678
2 93 249
76 28 399
21 48 327
29 83 661
49 29 214
59 37 694
86 37 947
95 80 211
35 38 760
9 51 98
4 48 56
64 67 484
36 11 890
9 33 533
43 31 217
58 24 159
74 2 739
29 84 758
85 4 511
68 57 73
39 28 151
4 65 554
69 100 907
28 17 285
39 32 341
23 93 473
43 86 250
55 66 177
24 95 783
73 82 692
95 28 827
35 27 198
43 59 290
36 38 224
36 63 534
20 3 190
68 69 279
82 89 947
12 12 695
55 74 294
45 85 690
17 12 771
6 13 888
19 52 487
48 84 554
87 79 120
69 30 568
61 49 923
49 72 674
75 51 314
51 36 311
91 25 375
18 70 668
58 26 720
91 1 156
49 21 332
39 63 654
14 25 215
79 26 347
56 52 108
85 28 254
52 45 913
15 48 763
96 29 901
61 22 871
33 75 885
22 80 758
41 24 726
3 36 971
7 38 336
12 51 528
9 2 929
36 99 591
39 78 196
6 40 480
12 35 957
53 14 471
56 50 197
61 34 645
90 22 453
20 73 877
38 74 313
91 89 489
30 30 564
23 71 894
41 71 159
57 13 758
20 3 829
15 60 465
57 34 886
34 4 802
23 50 117
91 65 396
65 28 923
35 47 741
66 82 499
26 13 103
40 1 426
39 83 979
36 37 249
24 89 882
85 23 102
68 65 761
58 66 890
52 58 573
32 49 912
46 15 959
27 23 204
30 100 624
56 32 89
58 44 649
16 17 590
14 15 125
36 39 918
81 18 649
74 80 796
60 54 394
86 29 972
71 13 757
1 58 152
54 31 610
35 28 172
91 13 669
83 99 743
29 1 385
6 50 579
4 7 516
86 64 474
9 13 831
88 23 321
66 23 821
35 23 945
1 35 517
59 51 483
90 69 355
90 65 161
40 4 530
57 30 843
7 76 826
12 97 654
7 93 94
26 89 949
5 97 249
17 17 210
52 95 774
36 89 90
22 48 965
35 26 514
8 9 697
16 26 632
50 41 390
91 50 201
65 34 248
28 30 806
74 13 817
3 34 835
18 60 636
96 22 852
30 100 523
74 31 713
56 16 503
51 20 225
64 12 237
56 26 753
58 1 431
10 2 871
20 39 239
10 21 950
11 40 864
13 25 546
22 64 266
37 8 862
51 79 380
61 12 446
30 40 744
9 99 538
45 12 976
36 72 541
40 69 788
78 59 676
47 81 222
29 89 491
24 30 967
38 67 989
30 39 826
22 48 417
25 88 305
56 48 256
77 10 845
83 52 124
34 63 104
23 30 447
71 95 710
92 51 675
82 79 915
35 6 720
56 9 484
44 30 233
59 24 345
70 23 293
26 11 101
10 97 585
14 50 436
51 63 937
22 39 312
50 14 788
44 21 900
20 19 660
21 31 180
35 88 239
27 67 684
83 89 828
37 71 765
98 7 533
63 73 439
21 71 857
40 28 183
60 4 229
68 44 842
42 17 535
45 26 974
91 18 831
3 23 606
83 75 280
27 35 912
21 47 215
14 81 180
16 28 510
5 38 804
97 91 281
18 83 311
88 77 365
80 47 976
5 23 737
38 82 579
21 89 90
1 61 940
46 8 546
25 15 358
10 7 869
61 94 675
12 7 844
30 83 942
94 39 934
43 31 491
48 62 503
14 84 560
78 64 920
25 52 942
87 68 672
57 52 337
81 6 488
83 22 84
88 26 143
44 78 375
77 51 307
2 43 388
49 56 942
14 49 997
61 77 906
21 24 81
81 99 736
81 88 333
10 51 995
17 26 750
69 43 567
13 19 759
73 36 850
21 63 490
95 4 266
10 29 415
56 46 689
97 8 308
19 60 897
95 42 96
57 79 220
3 26 886
5 25 104
20 68 771
12 20 302
1 72 770
48 88 469
54 51 554
78 26 836
81 57 698
57 22 494
11 38 219
10 46 407
74 95 761
87 15 211
7 52 241
56 71 398
66 10 356
44 59 435
16 29 429
7 77 431
27 95 478
59 29 555
70 54 740
49 8 711
64 50 133
24 68 641
34 96 566
60 22 284
100 2 343
57 20 630
44 46 629
26 19 204
100 52 398
17 85 154
4 27 690
89 19 821
45 15 278
61 43 764
18 47 596
25 15 347
100 76 881
35 52 194
55 20 175
83 12 992
15 100 749
82 52 495
4 93 870
2 93 869
54 97 110
2 18 409
56 50 788
13 7 332
48 14 425
99 27 100
32 12 393
5 51 721
74 25 848
75 19 887
41 33 778
85 56 89
72 37 388
4 73 196
22 51 554
62 82 738
87 97 860
9 98 472
23 3 937
9 69 913
44 31 639
2 66 842
57 88 568
49 19 706
37 83 475
39 89 465
82 53 684
74 47 816
67 59 687
42 77 421
21 29 665
20 4 215
64 19 113
28 31 748
53 17 517
85 67 586
33 53 847
52 26 995
88 66 315
83 35 176
22 62 671
23 4 232
20 76 902
49 60 413
25 85 156
37 38 915
82 5 449
5 55 94
97 60 98
94 35 616
77 24 460
89 35 223
67 45 85
45 20 849
79 45 934
62 90 282
6 42 154
12 34 893
86 74 142
72 60 980
62 29 974
55 98 581
42 62 196
74 10 501
13 56 739
59 19 441
20 62 275
74 93 791
21 14 815
18 76 79
82 85 485
25 11 185
61 13 835
64 81 717
34 89 970
17 35 361
38 71 651
17 10 695
65 74 415
82 63 175
61 52 961
81 79 452
10 2 519
42 30 471
84 48 517
75 91 236
5 83 854
16 56 564
60 3 440
69 46 567
20 60 464
6 36 518
24 24 785
72 76 239
86 41 763
67 29 185
28 91 785
90 76 618
27 70 962
21 28 645
20 48 858
32 88 858
63 13 863
33 7 960
53 70 875
17 19 674
17 2 197
59 60 616
48 3 803
62 14 285
93 33 94
50 90 168
95 73 646
81 94 251
84 81 446
48 75 860
44 59 222
83 100 677
6 5 247
4 9 717
47 50 387
7 54 190
83 57 361
74 12 207
55 33 441
96 9 907
28 82 611
28 54 555
92 77 800
4 22 173
39 68 183
4 50 289
56 24 861
4 69 79
81 9 338
77 78 420
59 8 466
82 37 83
6 1 811
98 28 644
91 40 205
94 73 699
84 52 706
3 27 225
89 89 410
59 34 840
57 63 262
87 89 420
95 44 466
85 49 771
5 61 542
1 75 989
80 91 398
11 96 622
12 57 857
18 4 766
25 97 200
15 100 933
65 61 327
90 71 980
9 23 751
88 88 126
18 59 318
74 54 365
11 21 50
23 89 152
61 81 459
66 24 595
87 68 639
77 67 104
6 48 615
61 55 700
6 24 227
83 46 460
89 98 901
41 77 328
76 97 969
49 82 377
58 96 410
7 95 96
92 29 230
96 33 851
96 82 364
95 20 677
19 10 275
22 34 850
80 97 256
40 16 93
38 45 841
90 87 251
53 37 279
6 45 753
9 21 492
53 30 735
64 41 983
47 19 564
97 27 312
22 89 331
46 11 301
73 91 581
15 84 703
60 46 105
4 53 90
5 32 75
90 18 274
52 14 192
64 27 853
93 2 828
24 9 402
70 25 402
40 46 164
28 50 276
43 64 768
20 25 100
3 63 484
75 38 971
8 20 1000
22 38 359
96 62 97
17 91 400
47 70 398
41 29 934
68 60 169
18 85 133
68 75 494
99 18 518
32 4 431
15 18 175
5 88 344
39 79 210
9 91 513
58 19 766
66 7 877
64 8 175
36 59 659
6 100 555
13 80 457
72 25 884
72 11 715
25 95 591
19 69 901
15 23 974
63 31 262
81 59 717
70 68 223
85 60 99
77 75 353
28 66 629
23 64 710
51 64 401
19 64 263
23 7 601
66 91 621
31 92 624
37 26 695
77 36 288
35 15 853
42 2 405
45 16 573
26 45 277
64 40 168
57 70 271
78 62 261
12 50 576
3 58 946
16 73 282
36 42 221
79 73 237
16 56 538
28 85 356
9 28 763
16 6 418
19 15 486
33 76 131
37 88 89
58 28 66
35 58 573
98 77 459
7 22 190
35 95 511
36 74 779
60 57 802
16 25 782
55 75 278
34 3 918
85 57 183
90 16 736
81 16 837
29 13 939
34 1 92
52 87 943
62 84 969
8 80 629
49 72 438
64 99 951
8 18 989
91 94 441
18 84 789
1 8 247
23 95 482
7 26 545
5 9 875
40 17 742
17 19 340
43 47 740
80 65 928
13 96 412
74 39 762
60 100 497
22 30 214
57 72 435
63 33 404
34 6 959
25 79 699
18 40 348
68 54 317
4 48 952
48 100 793
33 16 595
96 23 957
48 32 968
95 75 537
40 18 629
78 56 211
100 57 281
68 83 210
49 39 898
83 8 844
7 50 888
75 8 483
34 58 164
12 91 298
4 92 991
80 74 356
98 47 481
95 35 884
7 90 615
24 89 357
88 62 220
72 70 467
88 30 219
20 26 368
72 12 608
1 8 167
55 84 196
18 43 410
82 66 411
19 75 978
13 89 884
69 11 356
60 20 680
26 98 546
60 60 886
29 35 146
82 81 753
52 8 617
40 8 206
30 67 926
28 60 752
81 98 750
35 24 81
30 84 782
8 43 924
43 53 537
96 68 382
14 6 496
56 46 236
100 57 775
82 67 380
21 97 337
78 96 157
52 18 358
52 29 934
84 59 269
70 13 939
29 58 994
76 3 931
71 75 439
55 64 246
75 8 385
74 42 366
93 55 362
52 13 926
86 71 798
8 75 783
33 37 73
69 93 780
36 5 540
55 100 220
42 93 790
32 57 910
23 9 964
37 10 78
76 72 191
48 26 186
58 1 372
5 83 625
99 92 704
26 16 555
8 17 952
23 83 607
69 33 613
71 58 925
5 21 927
40 54 233
28 18 463
55 22 475
32 39 614
13 87 243
74 98 899
90 55 149
100 65 759
21 46 708
27 19 480
62 65 332
79 34 779
70 97 274
28 99 767
70 20 693
31 14 602
51 77 629
69 41 592
39 17 280
63 65 649
62 85 354
11 11 685
36 99 516
29 100 591
84 83 597
78 86 607
97 95 112
90 68 567
61 50 541
36 28 962
61 87 611
85 93 253
9 30 763
3 69 981
64 71 456
16 31 490
65 85 627
41 98 799
26 66 510
44 24 311
26 99 581
91 9 112
19 84 323
93 16 214
55 6 349
21 87 764
51 86 439
18 46 277
58 50 217
15 61 572
92 53 981
56 43 825
71 54 730
30 96 488
88 39 231
67 95 548
27 78 239
12 71 550
20 17 402
51 46 424
88 7 942
88 61 215
82 4 181
64 31 810
33 53 163
65 39 870
84 97 610
50 21 95
28 100 828
26 63 717
73 3 772
54 38 449
69 53 587
90 46 437
44 13 614
63 67 559
64 11 662
64 75 313
85 81 913
71 77 187
53 92 99
5 4 629
11 91 283
43 53 897
57 55 686
76 54 99
91 75 300
41 46 999
24 6 194
58 47 631
91 85 726
10 98 831
78 54 154
13 26 735
94 5 720
86 74 87
38 24 226
28 55 126
14 72 656
43 80 463
85 55 254
62 60 645
10 69 197
76 97 930
69 19 919
38 25 321
5 61 327
13 1 836
92 73 96
68 51 997
5 62 561
55 62 729
96 100 388
66 13 354
16 30 926
77 69 151
21 11 394
90 5 691
77 39 315
93 55 452
43 63 426
68 3 951
27 37 879
88 67 927
9 63 827
53 90 447
34 62 257
43 2 974
25 24 195
93 29 127
49 99 100
62 3 811
13 22 151
20 91 103
40 41 140
8 40 740
59 18 197
44 4 819
31 82 959
38 15 893
36 11 845
43 24 596
49 24 397
58 45 795
65 64 661
3 93 429
92 19 870
46 34 964
40 76 962
4 61 350
56 94 465
68 18 763
82 89 172
28 99 968
46 16 981
97 23 598
81 41 348
51 28 862
58 38 658
94 4 916
90 63 153
88 96 646
76 66 124
59 91 189
11 97 98
28 39 314
76 28 876
21 48 537
91 5 602
34 89 489
57 79 959
17 25 883
42 87 232
68 95 220
24 42 964
40 76 357
49 7 833
68 92 689
53 8 901
1 74 600
28 85 612
82 66 83
26 98 429
67 46 136
39 14 171
41 45 537
49 96 483
15 43 800
41 82 701
52 23 188
15 9 588
54 23 473
18 70 308
25 53 201
93 16 94
42 85 658
69 18 256
56 76 867
56 77 966
93 76 609
34 46 269
94 59 159
83 56 565
95 21 704
78 24 435
88 43 646
25 21 706
55 32 140
37 48 545
68 41 720
27 94 344
7 24 751
43 85 488
23 96 97
74 2 338
42 70 625
64 11 963
7 17 564
22 27 966
26 43 210
27 60 306
85 92 815
2 69 70
91 62 908
42 70 594
78 23 394
76 5 842
44 1 954
27 7 215
99 77 115
41 78 867
2 53 610
60 13 598
64 78 124
84 91 748
5 10 501
88 64 418
50 98 814
90 99 182
73 16 463
31 49 532
70 45 771
12 53 58
89 8 693
43 1 604
90 77 98
63 73 400
15 83 299
1 19 473
31 49 58
79 31 226
44 21 935
60 92 835
46 72 338
50 73 433
41 23 663
68 69 515
12 70 883
59 83 383
18 79 481
27 75 605
80 27 712
45 12 947
10 11 706
72 50 262
51 86 92
86 36 128
96 89 670
97 3 767
68 24 293
19 76 138
79 41 196
16 73 233
35 34 628
45 63 965
63 29 976
97 27 723
2 18 52
98 8 618
11 69 806
56 38 501
51 31 902
70 18 560
25 20 133
99 62 545
11 99 400
82 66 579
78 49 893
74 93 260
88 81 197
53 8 535
93 100 901
43 75 697
7 8 157
48 58 747
45 74 794
94 75 129
69 64 592
28 54 576
15 65 714
70 47 490
53 98 723
84 3 697
56 4 956
29 57 946
97 31 767
19 69 412
75 77 533
75 39 673
98 59 503
13 64 285
99 19 954
86 17 682
74 45 837
50 90 423
27 85 110
3 99 981
5 83 784
53 6 994
97 15 594
69 70 260
86 54 795
59 70 324
93 68 318
48 90 543
72 97 383
25 39 534
71 46 168
10 74 325
33 21 956
8 78 343
78 48 846
64 21 987
40 12 665
6 11 856
39 86 627
31 10 132
26 52 521
99 68 984
28 66 418
48 18 393
39 19 107
25 22 338
72 93 141
66 2 980
37 47 806
42 18 752
14 46 940
29 25 264
15 33 977
3 6 525
69 58 639
61 77 952
37 27 620
16 51 918
9 77 660
78 8 100
1 59 287
46 56 518
82 85 734
85 23 968
77 28 781
87 57 728
14 38 863
67 45 687
16 38 864
38 23 531
51 9 189
67 49 281
70 5 420
59 5 256
44 34 639
27 73 923
4 88 229
87 98 164
89 18 466
31 50 304
8 41 273
3 21 365
72 79 854
88 25 983
83 39 449
55 86 340
49 73 732
8 12 423
39 91 407
17 57 240
45 77 238
33 98 99
16 42 263
36 93 728
50 3 294
33 1 584
68 38 542
48 31 286
7 18 217
74 38 582
24 16 190
21 22 491
21 54 110
48 15 560
28 87 407
80 88 670
60 78 533
82 16 446
5 53 729
89 92 381
83 57 919
53 100 208
37 45 531
71 3 820
77 2 91
90 17 941
36 61 350
20 66 543
62 97 499
68 11 633
3 90 785
38 37 885
41 93 326
89 75 331
96 40 97
70 33 676
95 48 951
49 21 780
10 29 386
90 32 601
57 33 298
92 86 466
41 64 919
65 43 576
38 37 992
89 29 518
63 61 112
53 9 938
16 57 107
40 57 306
95 51 418
42 31 439
30 24 680
60 67 107
3 8 178
31 49 268
96 26 326
71 89 232
43 11 707
20 96 308
45 25 63
64 86 687
23 88 112
39 46 258
5 80 655
81 25 353
21 6 81
25 39 375
1 83 239
10 87 182
69 12 462
92 96 948
42 62 152
18 84 718
46 58 886
16 35 584
15 46 967
34 77 728
46 27 969
92 9 471
69 2 414
75 41 271
33 37 758
43 60 141
61 32 76
45 79 744
45 100 880
22 48 427
56 45 758
99 66 837
94 5 910
4 98 601
73 45 877
85 83 850
3 80 617
65 30 878
68 85 562
22 43 216
100 27 774
75 50 388
3 84 834
41 43 331
90 80 710
52 54 607
88 97 516
69 17 969
89 49 559
25 33 441
66 64 570
64 35 499
57 20 798
32 38 306
52 81 264
27 60 755
72 70 314
81 24 897
77 86 763
68 55 612
80 84 274
83 84 431
45 40 952
7 29 725
72 24 690
52 57 555
33 25 647
35 46 187
2 65 204
69 40 719
5 60 822
15 5 248
75 25 131
5 71 733
35 44 388
7 65 592
70 100 146
26 79 249
48 33 286
88 50 454
87 80 88
95 48 373
97 92 457
77 97 329
22 6 665
85 26 520
19 68 657
36 56 608
87 84 119
55 67 825
88 100 584
69 49 941
62 60 314
86 49 582
91 6 748
35 32 871
74 34 954
41 96 576
66 74 802
19 63 748
21 72 429
38 96 416
99 14 1000
51 3 629
95 19 544
32 51 653
34 80 81
10 37 174
98 46 725
4 21 352
58 93 838
56 5 77
22 94 657
90 98 288
19 5 827
10 41 611
100 45 564
65 8 928
9 4 265
3 33 833
41 54 310
61 92 812
5 49 67
4 8 244
63 79 925
8 37 864
1 68 303
85 35 335
77 28 322
56 45 912
35 84 367
44 65 726
10 99 737
24 96 632
99 2 202
100 5 266
51 85 454
92 24 201
56 36 100
27 20 693
17 12 399
55 55 237
23 40 141
100 97 795
24 11 256
12 33 928
48 23 954
13 54 809
15 28 960
78 66 143
65 13 864
93 35 974
44 94 950
72 21 379
90 38 155
91 72 265
40 58 929
39 43 542
99 1 983
56 10 883
89 30 971
78 64 99
97 99 514
27 7 500
57 5 710
30 46 382
87 42 753
59 83 698
17 70 959
69 76 559
21 10 947
78 23 454
72 17 92
85 8 285
49 90 856
46 96 192
37 58 368
83 6 394
34 27 220
74 43 741
75 97 919
90 42 720
56 50 466
18 91 360
94 85 435
48 66 437
36 59 753
20 20 815
54 28 689
26 16 764
48 75 76
35 38 614
70 60 906
40 23 567
33 54 548
57 39 182
3 83 814
23 42 137
54 3 843
64 41 302
59 48 228
43 48 849
71 86 898
100 48 217
6 27 823
6 45 409
71 26 72
20 55 986
69 57 586
11 3 645
56 57 594
61 85 965
39 77 899
94 34 273
10 36 937
78 7 889
38 19 269
59 43 903
28 50 704
61 40 669
53 22 581
36 33 343
55 91 153
97 11 617
87 24 582
98 94 377
43 95 490
47 48 372
38 75 721
24 54 296
97 27 961
90 95 763
24 48 937
45 36 359
73 84 908
3 86 321
71 38 731
99 13 155
44 92 698
85 36 243
44 86 855
39 58 302
66 96 774
27 96 984
66 96 301
38 74 395
68 57 361
44 72 927
2 31 621
25 63 905
58 79 108
39 71 443
11 65 174
31 59 152
91 98 912
11 7 146
82 4 770
91 74 717
66 98 468
62 65 473
9 5 888
38 81 900
49 42 408
37 39 587
91 100 365
44 89 591
59 69 87
50 33 783
25 50 874
3 92 342
54 100 414
96 33 182
73 18 801
31 14 630
69 100 923
18 91 359
85 43 433
83 35 132
91 35 521
59 30 891
70 50 769
68 50 841
74 71 211
20 16 889
86 78 89
64 79 422
70 12 851
61 76 784
49 6 375
26 100 154
89 14 661
80 60 800
67 11 473
37 34 324
53 43 596
55 95 380
45 3 514
20 53 968
62 76 447
35 13 84
40 28 840
47 14 855
47 72 194
19 89 956
87 57 765
29 84 192
38 47 397
98 97 823
59 22 544
52 91 558
99 88 457
91 100 120
89 67 423
43 56 983
6 99 212
68 29 740
94 80 851
50 13 179
78 73 542
74 91 397
96 15 442
22 76 858
93 98 504
36 69 189
55 61 113
32 49 898
53 59 186
6 20 388
24 7 896
17 90 401
57 8 940
13 100 102
31 66 423
89 84 790
87 14 88
1 89 254
71 8 604
7 37 52
13 32 891
42 11 690
55 57 455
82 67 660
79 35 209
99 74 490
7 14 68
98 54 979
36 18 98
58 48 236
39 34 924
34 31 61
43 10 245
94 72 823
86 6 444
34 65 834
71 90 888
25 92 260
36 97 519
96 92 211
47 86 349
50 54 826
9 8 294
51 60 291
52 34 645
75 70 214
65 97 969
54 76 383
15 80 729
86 24 373
54 49 790
18 74 826
68 16 351
49 7 987
66 65 313
45 59 645
27 75 929
11 22 898
79 21 857
18 65 792
86 33 808
41 89 270
94 62 230
57 92 934
43 100 325
92 8 424
57 94 990
88 99 533
94 12 959
26 49 71
33 82 347
32 10 199
13 42 553
34 69 205
39 27 845
47 70 71
8 31 284
26 15 881
61 48 665
1 46 604
20 1 988
7 27 992
76 93 808
2 44 646
8 21 307
6 47 687
55 82 326
74 96 465
42 50 401
43 14 209
27 10 644
50 66 236
59 9 816
60 67 477
56 56 208
29 8 76
51 64 184
23 79 325
96 12 304
96 7 588
33 26 78
31 70 732
30 95 96
92 79 242
16 47 356
74 74 493
100 86 101
26 29 471
11 29 666
96 12 560
4 64 260
51 14 556
18 52 834
71 60 132
5 11 753
81 58 647
66 100 174
36 12 217
91 100 769
26 47 814
83 41 160
62 39 688
3 32 282
76 4 335
41 11 767
36 34 570
18 24 145
85 29 592
71 14 851
3 9 262
61 76 159
47 56 369
40 69 842
78 19 263
11 9 955
40 67 969
63 86 456
11 42 621
53 88 552
24 43 812
24 18 749
62 39 658
70 17 273
35 57 643
56 10 734
95 39 432
98 4 445
52 77 391
83 8 570
56 8 290
97 55 341
79 57 978
91 91 169
80 87 418
17 44 116
16 52 812
88 48 873
32 80 835
53 21 261
70 57 270
10 49 866
13 88 754
1 16 755
89 82 624
41 15 954
20 39 395
52 11 161
65 55 720
25 11 919
9 14 686
91 39 595
54 98 631
69 80 662
59 36 804
36 5 887
65 58 230
37 8 145
61 54 892
29 88 694
94 3 103
27 65 832
56 59 267
99 95 175
88 73 558
22 32 266
41 20 976
68 83 84
26 43 834
89 88 633
36 90 846
80 40 352
74 40 238
42 4 217
88 76 438
64 20 345
52 6 402
26 29 814
44 79 763
53 67 861
40 21 309
51 33 877
9 59 716
42 4 827
74 23 640
13 39 871
8 50 687
71 80 774
88 40 298
64 84 317
27 38 584
80 53 118
38 51 607
87 51 403
92 92 293
14 80 152
13 81 669
48 10 143
34 5 694
11 21 936
45 46 956
18 41 175
59 95 535
45 5 590
86 88 432
88 95 456
37 97 646
71 91 298
48 34 159
92 77 306
82 58 656
90 21 401
36 85 716
6 9 826
44 24 643
99 96 465
20 97 865
91 91 567
74 26 851
76 99 344
19 96 821
1 28 404
94 59 652
95 26 374
57 70 984
45 32 841
33 63 851
69 91 211
82 43 438
26 51 679
16 56 118
69 82 748
9 4 926
79 48 260
6 99 317
98 74 560
31 88 642
97 57 819
40 22 814
15 10 219
77 54 808
71 34 267
42 88 733
92 71 128
98 2 548
57 4 67
25 10 939
11 18 357
25 78 340
68 37 404
69 8 209
96 52 203
7 91 914
30 47 432
52 20 628
79 31 480
12 85 332
42 44 492
38 40 672
9 9 588
68 15 279
94 77 254
95 62 364
34 70 411
76 30 375
79 78 639
98 44 169
5 90 952
28 44 655
86 67 201
92 64 158
66 76 861
16 48 147
55 2 229
17 72 109
64 48 86
41 26 393
81 11 718
69 68 188
17 72 488
16 20 168
66 79 260
59 87 398
49 78 79
41 77 990
39 28 826
76 47 364
93 10 344
59 12 185
72 47 953
50 44 568
13 35 818
4 1 136
20 67 770
26 97 673
83 47 91
53 100 566
81 42 805
37 56 512
93 29 384
98 47 222
7 65 112
43 68 361
41 8 108
22 20 624
19 89 456
42 32 698
82 36 843
58 75 475
64 87 375
22 59 987
32 14 792
17 51 627
21 23 101
99 31 252
83 49 505
66 20 521
23 80 658
12 8 565
59 89 581
7 57 262
90 39 412
56 48 290
19 11 77
38 98 560
33 6 315
3 6 628
98 7 949
41 28 128
93 49 243
20 44 566
60 88 970
67 61 862
32 56 657
23 41 782
12 15 898
89 89 969
11 82 175
60 10 479
55 2 225
72 82 278
30 18 888
3 89 164
10 8 707
74 79 603
56 62 675
38 32 295
66 60 358
82 51 707
3 74 75
97 37 910
15 32 497
90 45 791
13 14 253
11 89 522
2 57 79
1 5 947
19 92 682
90 27 650
34 77 490
11 28 157
76 99 135
86 46 421
99 56 917
68 6 639
2 54 707
32 10 651
64 58 139
88 21 337
17 79 82
26 79 857
87 13 985
15 97 403
27 30 932
65 28 286
7 22 625
6 70 760
89 5 833
34 11 776
43 33 254
75 57 732
89 84 444
21 90 488
3 10 581
65 29 691
65 52 519
72 58 404
9 7 879
96 4 944
66 92 170
89 4 480
85 73 917
51 9 893
92 90 135
20 96 255
11 32 637
30 14 261
33 26 993
92 91 598
10 93 761
71 18 801
50 18 175
6 17 536
46 39 771
66 31 113
45 54 988
59 29 364
3 42 323
100 4 184
1 39 892
7 11 345
28 39 167
33 63 183
77 53 564
88 55 737
56 13 139
47 98 854
12 3 794
18 8 848
85 4 685
71 33 499
33 91 420
58 59 208
95 19 725
61 95 839
4 59 158
73 44 116
83 14 907
22 10 72
31 85 672
19 13 687
91 34 389
98 67 877
52 75 228
97 60 319
37 14 1000
99 74 286
61 100 425
76 26 130
99 76 945
89 76 994
38 18 223
100 62 811
64 86 378
23 76 897
42 57 409
18 44 727
54 59 799
35 63 859
35 84 551
1 62 978
50 9 911
70 51 633
2 23 646
65 49 423
15 37 548
3 83 719
44 42 961
9 27 948
51 34 849
52 37 869
32 97 636
51 65 430
1 18 637
40 16 653
18 1 218
47 19 943
4 59 82
14 90 922
3 25 641
5 27 97
95 30 726
64 62 580
88 74 439
90 19 241
35 9 875
94 28 257
9 8 588
18 17 930
60 23 505
19 6 439
82 88 981
3 41 471
36 37 508
30 49 250
66 33 510
83 17 918
11 34 554
100 70 622
79 74 787
87 64 114
87 45 404
21 78 792
57 83 84
80 80 493
59 49 870
67 3 272
90 23 418
4 64 101
67 85 86
62 83 526
37 54 642
40 80 936
13 71 535
30 64 786
86 82 170
14 77 288
94 65 391
20 20 347
57 22 521
14 31 556
84 30 781
78 58 968
100 31 107
3 50 580
71 92 172
44 67 738
45 90 517
28 26 379
61 16 802
100 47 500
57 12 279
51 45 162
28 72 803
49 78 584
21 82 745
21 41 929
97 33 407
26 18 84
29 56 503
23 44 952
55 38 647
34 22 381
5 4 186
4 20 1000
83 56 165
45 50 882
78 99 135
30 49 600
93 97 550
3 99 179
97 79 553
22 18 619
96 61 164
75 6 701
47 40 739
71 63 400
43 39 130
20 68 271
93 70 344
68 46 832
39 4 113
15 96 310
14 99 844
15 78 217
47 18 123
8 80 327
83 92 755
52 33 674
13 21 758
76 36 917
74 7 712
86 11 931
84 81 747
75 35 933
35 69 727
60 33 896
51 12 221
19 37 162
68 3 619
59 95 772
65 5 975
15 34 232
40 56 125
23 100 402
44 17 737
78 2 228
10 31 292
100 87 908
68 74 389
38 32 615
46 24 243
8 36 858
35 45 347
70 37 604
97 71 309
81 81 959
71 95 763
18 66 95
24 3 807
92 90 762
17 45 553
66 61 259
43 60 666
60 66 83
36 80 168
74 98 585
60 46 687
3 55 646
68 32 722
56 8 474
36 55 737
51 13 431
79 28 929
81 79 407
35 70 242
42 67 592
38 56 705
99 30 727
60 76 430
74 68 819
77 3 505
38 14 971
45 90 929
62 41 292
30 69 109
60 36 344
63 68 871
63 81 633
53 50 901
47 42 947
40 4 506
42 11 942
81 5 251
58 81 118
48 28 897
27 89 447
81 49 506
67 50 712
4 92 791
52 99 100
40 29 677
49 49 340
11 3 661
65 90 91
49 39 290
7 74 784
75 50 202
52 35 639
45 94 600
97 52 661
64 59 831
47 4 202
94 86 730
65 78 827
19 76 802
95 64 759
81 9 734
18 69 910
35 82 872
44 93 259
43 69 242
31 26 753
65 20 536
63 48 727
30 19 612
61 19 872
73 99 714
52 45 123
83 22 918
66 1 900
44 99 737
55 16 907
19 64 781
91 52 965
86 53 932
90 10 854
40 45 714
85 22 220
72 11 293
58 52 549
71 86 406
17 72 631
13 80 877
97 87 857
62 80 110
66 13 145
46 92 239
30 14 439
76 6 771
39 70 529
12 94 95
79 24 541
89 32 666
40 23 233
49 18 787
25 97 522
56 77 430
15 16 312
3 95 955
62 21 904
36 37 743
60 44 559
51 81 124
22 62 814
85 8 762
79 95 249
5 48 308
18 77 897
44 87 965
28 92 946
88 4 89
81 63 697
54 55 152
40 13 263
35 96 820
59 11 525
29 29 430
18 21 473
86 8 994
7 58 804
28 41 794
2 89 161
59 47 904
35 37 928
71 42 785
5 66 598
3 35 239
31 44 667
100 36 191
87 53 428
8 80 301
67 52 787
31 74 811
40 85 883
32 51 482
19 26 96
71 26 322
30 90 478
11 97 663
64 94 436
76 13 98
81 94 714
76 53 478
96 75 837
37 51 169
61 85 279
41 19 223
77 45 431
94 73 520
92 82 224
26 74 629
18 46 949
99 54 991
79 84 482
38 56 286
28 44 390
17 30 972
66 72 654
73 58 85
83 60 557
99 19 595
35 41 213
29 35 369
77 93 528
58 14 400
86 13 201
17 6 186
59 41 673
3 53 697
91 30 558
7 89 107
100 65 139
87 39 888
95 51 230
42 79 532
63 14 379
51 43 306
90 77 666
15 47 795
15 91 629
25 48 194
94 27 271
38 92 949
77 20 963
15 65 899
52 95 918
46 96 402
24 65 221
85 65 625
79 27 313
36 86 93
96 78 656
10 48 616
70 86 849
95 44 941
30 84 300
40 52 692
90 81 828
58 6 679
69 39 93
32 90 155
91 11 355
100 65 421
17 19 703
51 17 540
39 92 832
30 41 978
6 62 513
12 77 547
10 95 269
97 73 807
95 73 924
6 12 587
68 27 909
54 17 480
81 83 399
88 39 170
33 23 828
49 96 215
28 36 330
82 9 509
25 65 416
88 14 406
54 20 274
77 58 205
22 13 376
62 90 915
25 11 932
22 80 345
46 20 163
82 18 815
8 59 329
5 51 514
14 86 241
71 77 388
33 59 325
19 50 952
8 84 692
86 15 474
40 34 687
23 90 329
12 86 847
8 22 557
94 73 534
71 45 378
39 67 714
28 99 954
80 55 412
67 6 514
30 49 537
15 98 99
7 79 794
49 67 674
11 50 415
9 38 882
25 99 941
96 12 853
64 29 618
70 41 239
33 7 491
94 86 719
38 11 223
33 18 179
51 26 776
15 57 862
9 88 389
47 71 821
12 52 923
22 73 193
74 21 587
28 49 610
100 71 247
18 37 757
78 83 546
3 33 829
48 46 508
90 59 820
77 18 162
55 65 879
91 78 178
62 31 728
59 29 230
62 85 690
54 45 890
70 52 857
49 41 363
1 5 786
82 49 982
53 37 815
38 75 959
59 55 234
63 77 639
47 29 473
57 75 322
65 44 592
36 25 150
28 93 690
50 7 61
93 98 935
43 64 879
32 21 892
44 47 220
76 14 186
59 28 337
24 53 453
55 24 409
86 99 782
68 64 131
94 17 752
6 11 517
64 100 736
76 71 272
18 12 336
32 79 911
93 45 901
96 88 497
52 25 570
78 34 445
68 13 895
64 70 286
21 66 665
21 85 823
36 15 229
18 53 690
31 47 385
12 61 274
71 10 667
33 37 260
74 43 745
87 77 766
98 61 507
16 8 565
82 21 829
21 15 280
55 75 697
5 54 384
40 24 380
21 93 589
82 79 727
95 73 836
17 64 943
92 84 343
47 75 146
99 55 400
3 14 444
18 51 594
83 26 536
50 73 141
57 68 316
47 34 50
32 93 630
54 38 922
89 70 807
60 22 868
43 95 282
56 79 592
70 86 996
71 25 775
91 17 855
48 64 930
69 15 857
34 67 583
63 91 858
69 91 669
20 95 469
97 39 429
97 2 404
37 94 864
100 20 146
95 1 173
30 35 815
33 52 820
83 3 467
1 96 632
85 73 643
34 98 269
75 55 816
24 7 732
94 11 532
32 22 361
35 15 101
43 83 853
65 46 779
67 84 773
6 43 590
48 98 681
86 89 192
39 48 859
8 78 870
69 40 438
24 31 173
57 89 629
59 7 93
99 30 768
61 4 816
24 27 789
2 16 615
95 64 941
56 44 94
33 85 86
12 92 229
94 92 801
88 98 333
10 12 293
40 17 425
73 21 278
63 65 469
74 64 338
32 92 608
9 20 176
54 33 478
55 25 255
54 2 288
80 67 604
53 47 626
56 27 682
71 46 797
94 44 370
69 17 987
90 68 972
55 2 444
99 50 964
14 74 177
15 5 212
90 32 297
89 82 90
9 90 479
63 2 662
37 90 716
50 98 872
90 23 452
99 72 283
64 77 465
90 62 414
38 64 780
93 27 641
74 15 580
62 60 924
48 8 966
12 49 492
41 20 322
14 3 247
100 94 682
56 57 897
66 79 892
92 44 863
92 94 586
67 70 528
79 1 761
37 92 574
79 31 291
25 93 830
6 41 831
65 84 85
70 51 135
27 12 482
96 41 794
74 22 438
70 14 343
95 26 397
60 53 374
48 68 203
55 39 646
73 55 827
38 25 792
84 44 211
35 33 678
1 7 795
38 7 271
47 33 172
60 20 216
16 6 421
20 8 95
81 72 709
44 95 372
9 75 430
89 7 734
92 33 655
6 53 324
24 43 290
49 62 448
78 55 963
38 68 806
81 30 507
30 24 910
86 37 781
99 81 720
48 63 933
42 33 273
99 24 690
59 73 160
46 17 531
92 92 302
58 86 324
26 87 114
65 53 875
32 56 923
88 64 816
47 57 359
85 40 915
76 82 926
35 23 343
58 35 886
68 12 826
28 9 517
35 21 292
11 15 450
42 97 399
69 5 974
60 58 61
32 25 846
96 74 319
26 39 203
97 29 132
75 80 378
62 79 254
6 39 614
53 87 221
95 30 96
22 7 643
7 13 108
59 29 249
29 96 619
99 11 132
61 93 453
44 74 766
23 2 819
35 57 124
58 78 934
61 2 677
66 1 578
98 24 519
12 90 694
79 44 109
49 71 725
54 54 965
93 99 634
49 63 109
51 19 111
89 54 90
22 1 645
28 12 95
31 58 873
79 22 903
64 92 707
79 35 80
45 7 687
94 50 523
77 53 873
27 3 151
40 90 855
9 1 353
7 20 889
84 11 147
38 59 901
76 42 371
87 66 654
66 33 548
1 33 342
90 5 878
5 1 147
92 48 93
16 51 398
76 8 722
87 73 666
81 19 407
37 65 115
16 73 492
10 72 254
20 61 403
82 75 405
10 78 540
12 80 371
15 46 541
78 11 532
6 62 773
97 26 98
38 69 338
82 94 952
55 92 350
90 49 460
52 18 147
1 33 110
26 84 192
9 39 118
30 9 904
77 4 413
24 60 755
57 63 962
84 96 455
97 100 781
84 75 846
28 18 693
16 24 105
58 22 973
4 71 990
84 14 96
14 63 655
70 51 829
14 34 79
23 80 321
27 5 843
21 57 69
58 71 800
96 50 291
36 80 698
70 45 691
29 80 646
9 58 684
34 71 760
21 25 235
51 65 784
100 32 849
40 86 902
78 12 413
37 44 816
41 29 359
50 91 673
4 19 381
8 24 938
67 58 186
26 82 826
63 32 308
3 55 321
86 90 362
81 59 394
26 14 393
51 2 414
90 84 172
42 36 984
87 30 254
29 32 810
35 78 608
77 62 562
84 84 162
94 3 689
30 98 450
73 91 745
93 60 806
98 33 672
28 41 384
74 21 913
74 54 207
14 12 332
85 36 242
29 40 897
91 75 980
26 84 385
47 63 99
85 64 268
56 57 913
86 27 783
58 83 230
54 3 604
57 19 549
30 15 856
60 34 839
5 72 257
67 43 514
37 62 897
69 89 307
51 86 281
58 29 888
84 33 687
60 8 290
90 44 586
34 18 602
90 51 595
82 74 791
58 93 550
17 34 69
21 29 952
74 56 759
27 80 680
36 99 100
33 98 566
38 33 378
77 49 890
64 71 72
83 38 912
55 71 162
23 57 61
58 57 740
60 87 88
5 9 199
17 9 380
29 6 526
41 67 845
1 80 306
7 73 411
20 84 753
71 3 227
58 78 407
45 58 705
43 38 997
64 64 448
46 29 535
11 74 757
33 47 225
59 77 883
52 28 241
50 99 787
4 8 528
74 26 844
24 50 590
31 98 309
59 98 580
18 88 632
90 84 829
26 69 258
67 22 493
7 26 123
24 33 197
57 49 237
61 88 736
97 38 895
80 99 673
37 30 546
21 79 182
36 98 380
36 100 496
99 3 545
89 8 511
58 13 833
51 19 244
97 47 747
21 68 488
4 56 63
11 93 281
9 10 585
27 30 624
53 93 499
43 72 181
5 67 273
99 6 920
78 79 506
56 62 342
34 78 525
6 91 377
26 79 717
85 55 605
60 49 827
40 49 120
47 86 93
31 78 339
47 90 422
13 34 117
49 56 136
93 54 375
30 21 741
61 45 159
35 35 690
98 8 274
68 30 904
21 39 428
14 81 923
86 70 968
6 33 257
70 38 500
77 50 116
25 76 719
94 82 907
31 35 431
96 28 659
31 79 739
13 78 206
41 91 852
57 6 82
80 10 898
58 14 479
21 12 473
34 60 912
23 98 962
72 98 350
91 35 974
45 11 221
73 52 298
19 20 308
25 78 284
78 60 762
37 9 350
55 54 179
48 18 113
62 66 271
9 86 185
26 45 864
37 65 66
56 91 476
94 46 192
1 35 802
28 20 412
81 8 251
11 55 914
66 50 558
82 13 956
83 65 497
66 54 392
13 1 797
47 4 162
27 9 264
49 79 856
73 30 358
31 54 670
77 12 814
63 74 110
63 5 713
80 64 396
46 87 670
59 42 192
1 75 203
9 16 592
22 19 440
33 44 698
77 77 559
14 1 883
13 12 795
60 23 786
72 73 492
21 36 752
16 10 67
86 8 766
53 73 712
4 1 71
13 49 955
88 20 431
91 60 683
12 94 762
26 17 544
51 1 910
66 50 853
86 66 777
14 7 820
30 37 140
31 34 939
84 89 489
43 83 874
44 70 957
48 27 309
3 5 607
94 43 95
81 88 993
40 96 979
34 55 985
71 84 129
92 12 93
75 33 879
74 8 229
23 100 675
58 75 571
52 11 516
38 74 806
20 6 620
76 23 485
24 8 861
52 32 378
92 2 373
76 24 858
75 14 997
77 69 445
67 22 549
27 24 823
1 64 606
45 82 175
77 20 600
84 93 745
26 4 208
98 52 306
76 35 550
95 12 422
62 37 763
96 26 157
61 15 133
78 85 354
61 41 952
99 30 706
25 21 54
60 30 170
51 99 555
9 77 285
67 50 158
1 67 851
28 4 300
59 78 995
12 6 111
78 96 601
68 34 757
7 95 382
38 7 397
20 37 166
63 39 283
6 48 551
29 80 280
4 36 504
20 83 688
25 31 164
90 4 358
33 18 986
56 31 293
30 68 860
81 46 883
91 43 826
19 84 386
18 30 727
41 71 753
8 43 351
39 12 359
54 9 156
88 71 838
44 69 776
84 36 194
96 32 953
68 25 917
72 95 336
63 82 547
54 64 845
74 30 910
50 64 541
82 17 989
78 29 474
87 19 103
68 66 791
68 32 687
82 72 164
70 25 379
83 1 381
40 24 382
74 55 240
35 88 598
61 64 523
54 34 998
51 85 396
5 100 718
1 75 874
34 97 732
64 78 102
83 71 268
39 47 680
55 91 429
36 3 560
20 96 664
85 76 256
45 20 801
78 41 537
34 19 359
83 16 335
16 91 745
48 59 419
98 55 764
9 57 643
20 26 171
48 53 475
16 65 829
8 22 331
90 14 501
25 49 873
76 4 841
50 57 173
4 82 441
25 50 499
6 46 885
87 17 88
82 16 123
67 60 962
9 54 445
58 89 112
75 66 565
44 5 62
73 64 725
2 62 254
70 95 576
80 9 333
58 22 177
29 9 394
6 92 381
18 50 435
40 56 933
15 77 221
75 79 619
42 63 773
7 12 944
59 43 202
37 92 224
19 40 558
61 67 864
82 2 190
86 91 645
6 27 219
80 50 233
15 93 765
85 5 858
80 72 211
52 55 158
47 95 937
58 49 167
39 30 882
99 53 886
18 65 971
58 71 266
8 67 688
70 21 207
87 7 473
56 76 420
84 22 306
80 56 818
89 26 786
73 57 985
81 91 390
13 3 902
17 75 285
29 41 496
26 35 868
29 18 998
71 76 969
84 38 164
92 92 450
16 87 660
44 43 602
11 13 248
92 78 228
55 17 148
11 91 484
35 92 412
19 30 712
34 41 551
97 17 768
60 1 187
47 41 193
7 61 917
8 21 886
86 53 166
95 68 762
63 76 290
44 14 824
24 68 220
39 86 670
10 86 139
90 56 952
93 42 570
15 60 746
13 41 148
48 84 147
46 46 744
19 57 460
29 72 558
80 37 326
47 10 299
30 42 457
13 98 268
25 22 279
30 19 802
16 53 664
78 51 755
13 93 287
20 35 608
73 23 384
95 52 803
9 49 796
73 76 909
22 18 659
61 10 989
65 24 363
76 33 974
59 63 577
72 54 754
51 90 296
20 34 704
67 12 797
64 63 159
66 84 553
83 79 914
32 69 510
17 58 499
12 79 193
50 91 735
74 14 875
57 18 764
10 63 437
38 93 194
70 9 551
58 37 612
88 11 400
27 6 314
18 89 576
67 18 522
9 27 621
72 91 320
79 5 699
64 26 675
89 29 230
91 14 146
57 34 440
58 99 215
47 24 764
16 2 975
65 69 625
70 54 754
98 54 186
60 86 695
55 60 97
60 29 415
40 45 370
23 66 623
45 25 158
40 16 710
83 79 964
9 29 825
37 83 469
34 43 691
53 99 424
9 4 298
90 28 805
41 34 760
90 36 852
6 81 407
9 69 409
77 11 927
88 4 710
70 62 892
93 39 627
59 9 398
69 48 85
32 83 686
60 16 967
59 85 320
33 75 424
60 29 868
74 85 227
74 41 826
60 74 516
92 71 253
25 16 866
81 73 714
55 12 250
13 39 706
96 84 791
9 6 413
98 43 373
37 12 847
17 2 869
33 90 690
7 43 71
16 96 359
42 70 319
21 21 151
45 32 467
62 69 89
1 11 578
49 12 434
78 83 147
3 21 364
67 24 954
50 88 545
81 47 120
65 90 91
49 37 256
39 38 176
50 79 462
66 43 417
5 78 608
13 61 129
7 91 142
31 33 316
11 4 854
6 44 609
17 46 399
48 51 759
35 62 447
63 57 117
96 79 951
64 28 314
12 20 539
46 78 145
28 36 493
92 14 410
13 77 387
26 58 337
87 42 143
25 65 941
35 34 834
35 83 869
86 27 803
43 2 651
5 19 362
43 19 299
4 93 318
18 73 932
68 58 69
12 78 182
86 62 252
81 45 131
36 13 188
77 44 773
1 29 101
31 38 767
66 31 520
28 20 443
28 6 806
63 76 725
83 39 997
69 67 682
96 69 786
7 45 500
25 13 185
75 30 739
75 5 925
80 95 364
42 75 647
44 91 608
62 47 749
2 95 166
100 80 299
69 25 107
39 5 569
28 75 484
66 40 776
78 53 709
47 45 883
32 94 379
15 24 729
38 60 910
24 25 142
75 55 548
51 32 436
16 69 120
58 73 391
10 67 359
41 70 71
60 23 161
72 62 790
55 79 398
13 43 955
51 53 836
28 63 799
88 59 296
41 69 801
15 53 184
32 7 974
69 89 527
36 61 259
16 5 957
14 71 560
30 45 824
9 68 804
77 8 78
85 91 831
60 28 859
46 91 831
34 76 359
100 33 587
89 9 276
98 88 382
40 16 415
34 19 247
44 96 894
51 11 369
79 89 721
42 23 912
17 85 86
77 81 924
68 11 387
82 87 424
25 76 702
22 46 50
37 6 434
42 2 398
82 100 523
19 46 878
100 97 269
13 56 466
68 90 230
47 94 746
36 80 804
76 37 837
35 59 110
58 15 712
47 14 891
99 6 544
85 3 409
46 93 416
35 6 117
45 5 513
19 92 93
9 79 165
11 96 312
53 90 159
19 5 676
36 72 786
57 57 727
3 8 623
79 21 461
62 70 281
31 75 533
2 73 139
48 18 238
71 15 700
57 92 768
93 39 912
24 71 451
94 20 1000
80 90 531
95 83 957
45 56 118
47 57 596
14 34 574
89 100 853
77 83 572
6 30 345
1 21 385
54 10 247
68 97 961
98 3 348
83 77 825
31 70 932
96 60 855
99 1 813
35 15 991
9 89 917
78 34 79
58 72 867
97 82 197
99 81 730
47 38 760
11 77 590
93 8 685
1 46 285
5 100 563
7 68 584
58 11 903
60 34 103
7 72 810
82 13 700
96 80 412
58 100 101
65 38 995
55 13 966
91 50 397
57 99 234
42 78 925
39 94 487
12 54 962
59 55 493
21 59 63
23 42 550
35 83 913
16 98 683
91 87 846
56 26 741
32 31 970
20 23 840
64 75 179
8 36 823
72 93 218
95 93 891
48 77 868
67 73 596
45 68 642
44 66 582
35 20 764
8 24 102
20 19 958
35 100 459
17 90 268
69 95 327
65 59 943
75 66 425
88 56 404
68 20 364
10 68 920
81 51 314
39 27 520
27 48 271
7 17 499
78 49 247
100 83 552
68 35 847
6 93 273
56 17 148
24 68 839
93 74 979
96 91 538
71 67 489
37 6 520
41 12 397
29 25 954
26 39 557
32 98 901
53 49 806
8 82 329
67 1 164
10 68 626
19 37 228
81 56 799
17 21 246
30 86 520
92 40 902
77 91 995
47 69 597
91 67 92
49 41 818
48 63 360
10 17 894
90 59 763
92 100 134
5 8 847
78 16 827
19 51 625
28 21 692
33 74 402
48 19 633
93 35 514
45 86 733
70 84 268
6 98 500
64 59 974
55 93 179
27 14 359
36 77 302
35 98 906
48 73 77
56 5 299
82 97 240
50 29 542
31 13 591
100 8 695
79 32 419
3 31 643
51 70 303
100 43 452
54 43 91
15 73 146
32 70 803
44 83 924
48 76 242
76 81 140
95 77 580
73 96 449
5 100 943
56 23 887
37 6 122
51 58 68
74 7 945
98 72 843
42 62 932
44 98 408
75 17 885
28 13 562
25 13 199
45 98 430
75 19 667
40 21 203
97 45 459
2 71 113
15 100 387
12 4 50
100 26 101
74 37 744
26 58 309
61 46 804
15 5 966
94 26 419
12 25 559
1 71 408
73 69 431
16 6 735
88 14 128
80 74 951
68 60 119
54 21 300
80 10 706
76 92 93
63 32 475
22 90 478
85 80 812
61 26 835
57 7 731
91 66 405
8 58 834
37 9 371
9 45 243
4 13 538
50 61 743
50 47 73
25 14 935
28 41 835
95 69 295
91 65 216
87 76 506
68 15 371
13 61 104
43 66 519
32 91 333
16 35 557
63 22 517
41 25 659
16 23 898
70 55 907
11 13 592
55 55 792
48 76 154
9 55 772
97 87 799
70 47 452
38 29 738
42 92 682
14 22 751
15 68 138
61 74 322
47 25 734
86 25 968
47 7 719
94 47 580
35 42 782
95 11 105
41 13 96
67 82 760
57 58 162
46 31 317
27 77 461
74 76 216
67 63 137
64 30 707
14 88 287
61 91 250
19 11 340
47 44 262
91 63 542
23 16 796
62 84 208
83 76 317
25 90 965
7 8 124
53 25 894
1 61 549
26 47 124
17 63 232
87 12 770
95 34 357
54 5 423
63 2 646
29 37 253
25 82 818
32 38 118
70 31 743
79 33 379
62 90 971
33 84 979
4 75 386
42 67 197
41 5 353
22 16 781
63 44 745
80 94 95
78 93 970
26 20 697
68 37 580
27 44 823
59 3 661
60 93 386
28 22 515
18 21 94
7 28 949
9 33 361
87 28 779
37 39 408
19 72 744
73 23 863
87 59 566
12 43 530
44 43 747
8 4 293
26 24 401
59 88 796
65 22 716
44 63 560
38 38 560
9 63 414
19 10 454
32 11 281
54 58 602
23 99 669
15 29 709
91 19 772
77 16 845
43 68 69
76 67 950
60 63 979
70 19 291
12 59 313
44 61 218
89 96 684
40 23 988
42 2 840
91 11 684
52 35 150
5 6 585
70 1 451
86 28 424
47 22 902
14 95 157
52 23 455
49 31 794
33 82 912
89 89 574
45 54 923
55 50 279
16 93 890
77 4 621
91 77 362
32 83 676
12 43 57
20 52 649
35 84 251
21 20 799
39 23 450
7 2 587
21 31 988
69 92 684
1 35 848
72 100 135
97 16 974
30 15 731
97 13 253
16 12 659
17 77 220
58 68 713
53 50 409
84 68 85
45 36 172
4 97 905
11 69 588
7 80 861
88 83 167
88 57 616
79 19 363
43 70 903
40 27 529
26 47 53
78 24 118
30 86 355
6 96 882
30 63 549
13 63 783
67 51 794
5 28 824
67 18 912
26 25 888
38 27 785
3 75 500
67 5 728
79 62 184
6 13 115
50 8 164
59 15 962
13 94 663
47 76 557
57 75 397
15 83 860
72 42 743
42 82 637
19 31 455
44 87 736
4 10 413
50 10 736
8 86 431
35 41 645
99 74 383
80 74 141
53 45 565
18 90 241
96 56 476
49 83 738
56 52 284
74 22 113
18 41 652
69 22 897
14 69 165
27 37 312
2 9 392
56 76 834
12 35 758
66 7 258
45 44 494
71 28 604
10 10 71
81 4 148
69 100 921
93 34 94
42 20 611
41 70 445
50 71 706
29 88 524
6 27 162
45 27 363
89 16 525
62 77 946
43 46 868
27 43 664
62 67 821
65 86 953
82 55 881
69 66 242
61 72 529
43 50 215
70 40 483
11 21 795
76 55 97
49 50 479
47 31 438
1 15 790
1 79 676
43 30 757
53 73 743
52 25 424
34 63 404
27 95 253
24 19 842
67 4 519
64 68 88
55 7 505
61 99 829
66 60 550
31 74 978
66 19 667
96 75 97
44 10 155
2 86 379
8 19 857
1 56 656
39 56 979
35 85 378
79 6 650
26 19 834
2 65 653
94 62 165
84 49 984
77 30 296
89 76 310
81 2 245
59 48 856
67 12 530
80 80 248
3 62 66
83 22 84
63 95 278
92 82 590
67 5 656
88 12 935
81 82 347
42 87 620
78 20 968
68 11 181
98 82 333
57 43 767
15 88 332
18 33 709
13 24 402
88 94 936
97 19 762
5 51 974
71 12 885
97 1 743
90 3 224
69 16 598
28 97 613
74 42 817
90 57 981
86 52 315
15 85 545
47 38 488
43 55 410
95 92 374
96 81 267
64 77 956
68 38 858
89 75 266
31 99 172
38 58 278
57 84 340
75 32 673
47 44 184
21 1 656
82 92 232
1 75 481
59 58 426
43 12 771
20 45 580
1 67 665
71 72 383
53 63 121
74 59 750
68 33 563
57 25 115
98 74 824
85 11 147
31 13 808
6 94 413
9 84 317
3 63 265
60 85 628
100 86 604
71 41 867
38 42 821
86 61 886
51 75 578
99 46 173
40 21 860
53 22 643
31 82 374
33 46 161
69 94 745
1 61 709
16 17 747
5 23 189
55 30 318
87 87 196
33 11 214
64 14 323
24 33 627
28 35 488
28 98 312
52 35 735
58 12 386
65 90 288
72 57 965
69 37 871
9 58 876
100 63 359
2 3 593
70 32 727
35 33 880
46 28 739
29 87 500
67 42 547
51 41 849
42 30 928
21 16 380
93 71 968
21 67 934
40 84 351
77 41 102
80 30 509
7 16 786
85 50 641
30 68 897
57 48 754
46 50 466
54 91 492
63 82 410
83 42 587
1 45 698
29 74 588
99 29 327
38 2 910
38 6 148
94 16 898
17 40 553
1 41 724
30 68 225
53 30 920
98 31 285
14 5 185
44 94 234
63 9 95
78 4 535
78 18 562
42 81 87
4 18 882
98 82 550
82 24 972
6 8 626
26 65 141
19 36 524
1 54 270
88 52 542
15 20 297
21 92 229
7 98 780
54 24 96
39 99 968
74 49 500
32 32 629
96 62 931
12 31 132
75 66 248
28 34 888
98 58 582
48 55 331
100 39 228
70 46 669
92 94 905
37 2 688
57 76 989
98 82 438
27 7 197
53 14 201
12 5 937
5 39 312
91 37 655
43 26 467
12 88 451
74 69 954
29 47 441
98 22 673
72 98 517
3 89 528
79 23 649
59 53 950
71 94 666
71 59 736
86 11 716
65 60 294
93 82 953
71 48 372
32 72 167
21 86 892
67 24 179
5 18 416
71 70 760
28 61 816
74 37 195
33 11 913
61 99 877
33 94 699
39 52 818
42 21 490
24 5 791
19 17 117
55 56 803
81 86 876
73 55 826
32 78 560
70 67 291
34 1 512
40 33 78
57 29 361
26 45 489
34 31 154
24 18 496
89 87 569
18 81 95
38 19 677
26 83 681
52 82 579
43 98 823
49 23 496
48 93 278
99 55 344
86 25 112
87 4 864
87 13 790
89 40 746
22 19 924
41 27 913
14 35 566
51 46 392
16 62 268
96 43 125
43 17 250
9 36 125
67 86 706
8 99 366
10 20 912
93 43 531
25 2 119
79 84 834
4 36 185
64 44 638
19 37 589
98 46 99
2 47 108
26 90 814
99 65 926
34 18 642
70 94 742
91 51 967
100 49 366
81 13 735
25 48 534
98 17 998
100 69 235
38 69 476
77 10 902
78 30 757
27 58 548
95 27 96
42 59 626
58 40 452
12 93 237
78 46 495
99 96 645
67 73 74
97 14 355
45 22 162
92 65 163
84 65 454
10 67 513
7 86 162
96 60 617
67 76 332
99 47 742
24 30 378
4 39 801
83 39 857
8 81 405
10 40 813
50 42 576
9 44 595
32 80 855
52 85 102
10 99 698
62 9 294
4 24 145
28 100 563
45 45 172
86 22 217
97 26 834
42 17 373
70 66 71
7 75 238
30 72 622
35 64 488
70 72 456
59 91 92
40 38 736
78 41 248
72 54 568
35 59 273
98 56 511
54 95 498
34 65 66
1 14 274
57 4 298
50 60 831
52 70 380
70 1 524
52 26 418
57 79 444
19 35 315
75 89 470
98 3 358
36 82 912
3 93 889
69 74 289
49 37 160
89 70 957
52 42 398
57 53 917
74 77 602
74 1 913
6 26 213
2 72 460
92 92 352
53 4 401
49 59 609
40 65 522
15 37 841
5 24 195
33 96 997
59 22 549
77 12 217
21 38 235
17 16 335
97 54 639
32 6 606
8 80 699
66 79 708
54 25 175
6 83 402
64 40 327
55 34 614
70 48 343
90 15 889
38 85 629
63 86 87
85 35 243
93 94 665
62 67 569
17 28 420
90 41 558
37 16 532
20 10 830
8 53 91
47 92 326
100 20 347
95 46 367
45 22 85
85 33 470
46 36 834
85 15 770
7 13 404
34 56 972
67 36 611
65 30 749
96 83 476
42 74 438
67 1 362
13 99 531
98 24 99
72 71 800
72 15 849
92 47 477
83 92 267
35 24 883
38 45 412
52 9 971
77 51 964
75 56 626
89 14 986
96 35 604
2 19 855
23 21 607
50 80 131
76 34 236
44 31 427
2 48 762
56 5 156
75 51 941
71 25 111
76 37 172
82 39 295
43 36 772
26 34 410
85 81 241
42 24 620
62 34 340
37 3 253
93 25 722
49 36 67
5 52 394
84 90 207
15 71 790
23 30 897
65 67 399
64 20 270
29 8 923
93 86 286
64 29 530
70 51 151
14 92 115
61 4 824
54 94 661
78 39 222
58 29 722
83 35 822
16 18 100
44 49 275
26 24 553
77 59 618
15 5 181
56 6 750
62 53 729
81 1 867
53 34 168
99 29 467
20 87 88
66 16 174
59 12 160
56 34 546
90 10 644
13 18 144
22 31 710
73 20 354
80 19 470
65 71 888
87 47 589
52 57 487
55 65 87
40 28 430
74 66 77
58 21 694
99 39 810
81 73 799
61 80 539
40 91 364
24 79 806
77 16 154
2 40 739
14 90 773
99 7 761
52 80 869
82 76 411
62 62 767
47 53 547
40 56 351
58 90 818
64 63 92
84 92 797
25 46 445
20 70 207
34 52 174
25 95 244
58 99 100
43 83 973
77 4 538
97 22 484
23 4 493
52 98 786
44 24 935
27 5 288
11 85 989
88 46 363
57 34 211
13 70 273
57 47 197
2 2 367
3 68 248
69 50 901
91 86 146
13 4 175
9 43 641
31 39 146
88 14 924
2 63 67
97 54 98
47 17 383
68 24 942
46 51 312
88 69 290
40 67 217
36 96 231
84 89 282
9 88 333
68 88 661
70 95 758
92 19 109
34 18 478
71 85 633
22 92 752
27 90 867
10 17 477
53 14 557
80 5 264
30 10 417
92 57 374
11 41 495
64 17 356
45 26 398
82 13 380
99 68 902
91 51 804
56 61 742
70 73 760
65 70 938
39 81 174
60 38 700
91 37 688
48 17 675
6 9 448
27 93 612
15 99 354
88 29 887
51 24 71
59 74 117
86 36 897
21 96 845
54 15 901
70 12 810
96 71 562
97 77 308
64 60 182
12 98 99
29 14 227
35 36 705
82 74 344
11 34 81
25 18 834
43 7 673
17 42 347
86 67 597
10 8 97
43 32 772
45 18 501
16 84 191
68 67 222
45 13 975
23 11 509
98 87 139
95 49 805
15 31 456
50 33 371
50 8 968
40 59 637
74 24 526
86 85 484
71 46 479
60 94 439
61 8 352
22 44 855
63 75 719
6 98 483
100 64 466
58 27 279
11 18 364
85 52 989
38 73 854
52 58 369
15 11 936
31 10 304
27 57 660
64 99 441
21 23 136
100 86 445
88 46 826
23 44 406
92 25 515
36 94 958
49 64 645
31 21 474
22 89 419
59 23 671
77 91 397
44 63 746
6 2 141
62 22 591
16 45 437
14 35 306
52 35 204
36 74 147
83 66 84
4 90 738
71 34 208
97 10 598
68 23 355
99 8 527
11 87 428
78 8 433
72 90 274
17 45 590
90 87 103
54 93 444
16 28 65
92 69 619
22 84 695
15 9 230
84 61 423
25 67 973
10 24 970
39 19 992
12 47 622
90 65 256
33 18 541
29 7 469
93 71 186
32 23 489
21 82 858
22 22 566
24 78 395
77 94 443
43 13 538
70 28 994
67 96 887
62 49 656
33 75 962
96 16 97
13 63 619
23 27 983
68 19 236
59 94 263
77 83 504
11 80 659
1 98 348
1 72 445
31 66 319
90 57 754
68 44 704
28 14 62
47 10 993
46 28 139
95 58 98
66 24 404
65 68 963
65 72 854
64 62 637
76 98 943
43 19 320
91 11 203
11 95 247
1 14 655
89 42 728
93 10 898
30 74 154
42 45 334
36 72 342
31 6 666
40 10 977
83 55 84
17 62 853
31 62 63
60 1 490
44 86 309
55 16 73
12 97 380
27 67 648
97 82 329
23 38 293
69 96 894
95 65 173
96 34 312
84 34 986
95 78 562
81 20 969
60 33 739
33 80 81
63 58 889
90 88 307
67 31 364
31 84 420
86 61 173
90 80 403
57 72 182
67 93 136
25 46 340
70 46 782
20 42 212
40 88 825
31 96 200
9 63 279
74 10 343
37 52 923
88 8 360
4 42 208
69 45 702
89 41 439
41 26 513
93 6 565
82 27 223
65 3 331
79 14 668
78 51 235
24 92 834
17 21 321
91 5 92
23 58 864
63 79 874
81 87 170
16 44 70
1 12 424
92 24 614
55 34 484
22 57 885
73 25 653
48 76 775
1 37 455
85 17 348
63 70 646
44 37 750
56 22 486
87 28 227
69 76 219
65 1 854
56 44 454
53 30 315
9 83 136
45 96 811
9 47 252
62 98 794
10 62 475
62 78 562
46 10 541
49 20 733
33 15 966
27 82 420
83 99 800
51 88 184
62 57 487
48 60 62
78 84 448
33 98 340
89 42 165
65 20 571
46 38 76
46 47 527
48 95 842
89 68 977
18 71 723
76 49 379
22 81 82
62 12 805
34 56 140
55 26 148
96 92 324
46 69 983
20 77 150
16 72 601
5 18 60
58 28 88
79 14 391
88 35 104
52 85 86
67 23 583
44 33 262
64 21 695
66 79 169
23 31 772
58 97 854
58 65 764
35 88 535
18 92 319
35 14 76
64 45 148
76 41 919
57 20 58
48 11 407
71 41 591
4 40 913
41 63 512
65 65 387
31 15 153
3 25 141
9 66 591
12 11 858
49 75 799
22 37 772
76 98 99
29 50 663
57 48 653
69 44 628
37 86 738
52 80 800
38 9 912
2 24 860
48 71 855
48 9 200
19 20 235
21 96 693
56 83 369
9 10 580
98 53 674
93 3 354
15 47 705
85 92 150
73 36 663
5 97 332
63 37 123
57 58 577
28 35 380
7 91 344
87 54 795
64 53 402
70 2 469
96 31 373
39 44 99
61 72 99
46 62 254
83 36 460
28 95 801
88 82 206
23 15 887
83 95 372
58 7 669
15 49 955
94 84 984
58 37 77
31 38 492
30 64 268
86 49 626
98 53 536
22 45 158
56 34 907
98 53 809
33 74 209
48 67 812
74 41 896
32 77 96
91 65 327
24 56 825
75 38 90
52 35 438
23 100 472
74 26 75
62 74 634
45 72 171
27 88 752
7 16 197
96 85 275
78 84 85
30 2 135
69 12 652
4 46 553
12 34 743
45 61 752
64 35 272
19 51 660
57 59 157
12 82 651
34 39 289
65 7 155
9 36 317
17 14 69
81 95 355
22 13 83
13 25 584
2 43 61
7 60 725
43 51 140
80 82 83
42 71 874
49 17 963
57 46 235
38 80 384
1 38 795
83 65 150
76 90 789
90 46 507
99 42 138
51 5 68
61 33 373
17 46 449
43 35 972
75 1 998
54 1 301
21 60 349
18 38 298
91 72 707
28 73 942
49 23 132
49 32 647
34 17 859
64 100 679
64 17 759
33 62 326
17 19 526
90 40 568
92 97 607
29 15 555
44 33 880
32 72 670
78 64 399
4 73 385
55 23 385
13 70 749
87 61 713
74 46 541
88 45 904
72 84 877
16 69 390
52 33 357
88 96 279
70 87 806
53 93 913
16 56 936
18 100 955
39 94 424
90 1 478
97 54 752
73 73 916
10 15 145
90 47 228
96 61 631
32 35 979
23 4 178
83 26 386
60 76 739
62 80 927
90 81 418
59 59 659
100 96 273
55 34 695
53 49 919
69 46 924
13 29 841
21 94 706
96 54 537
59 71 848
75 2 172
99 94 156
31 5 97
14 21 543
46 96 939
10 26 646
36 74 381
94 30 95
88 45 586
59 78 746
17 85 257
26 71 454
85 17 535
15 18 930
84 83 177
50 2 900
57 38 868
89 52 444
2 18 273
53 81 857
90 41 938
72 23 107
86 47 129
77 54 652
90 82 569
80 40 443
80 16 527
60 92 947
56 90 670
64 51 358
59 5 305
40 76 532
75 39 639
18 52 295
99 40 668
83 95 149
85 83 764
21 60 402
15 71 585
49 46 51
40 34 470
27 29 223
65 41 455
61 43 709
24 17 656
57 18 510
84 3 718
93 66 218
67 5 283
41 8 176
10 79 238
45 73 780
45 93 982
12 82 816
76 46 639
23 32 123
63 6 368
98 69 919
88 7 175
40 61 513
63 75 421
14 93 961
91 5 480
33 98 670
1 87 765
95 49 800
10 8 262
58 38 114
34 86 198
4 17 971
52 18 111
6 78 319
54 57 303
33 39 804
75 66 695
67 90 940
91 23 663
7 4 543
13 72 446
54 57 551
16 37 320
13 72 310
80 24 869
87 65 851
60 51 197
64 6 611
27 70 227
67 87 282
9 29 544
23 38 896
94 25 898
80 57 824
93 56 410
4 90 257
31 81 981
91 43 488
50 19 154
56 23 85
77 82 658
46 12 254
87 93 693
42 59 894
48 91 622
84 7 332
32 60 895
81 38 99
84 69 85
14 39 173
42 9 488
33 90 570
5 82 214
5 42 829
8 3 931
63 8 911
80 93 222
42 75 446
62 11 809
88 37 277
9 21 213
15 45 680
94 31 226
2 26 173
83 96 641
1 27 312
74 17 197
23 81 438
14 53 77
22 19 774
90 16 309
85 34 350
5 22 470
21 11 102
50 63 947
7 23 670
45 16 838
18 38 294
60 26 378
49 83 747
31 85 470
96 14 251
64 98 99
10 90 566
25 36 668
37 20 733
24 17 804
70 68 78
49 4 527
26 98 607
69 21 191
22 64 926
92 92 941
19 17 236
30 68 200
12 37 122
47 32 209
28 65 242
53 72 833
21 14 177
61 96 97
100 68 822
92 87 573
88 25 322
42 31 99
66 65 146
41 100 200
10 6 586
14 67 372
96 23 97
59 24 230
83 80 494
25 24 180
66 42 149
14 63 971
37 19 968
60 24 317
71 44 439
93 65 834
17 15 63
2 41 394
16 11 390
74 40 839
65 71 588
61 54 469
87 43 391
49 31 111
21 14 905
99 46 214
95 58 143
19 31 576
81 68 729
18 23 790
24 8 641
58 51 880
44 79 562
35 57 617
2 26 905
76 61 850
17 39 641
15 9 182
87 66 642
11 29 580
85 40 575
15 11 607
18 11 354
3 65 959
22 53 683
31 23 671
15 13 768
80 84 389
79 48 170
39 81 940
47 20 366
92 4 217
43 96 563
47 82 234
82 4 340
83 84 493
95 11 898
93 43 234
2 82 83
96 48 179
49 32 705
54 97 483
98 16 418
35 35 238
72 17 497
74 76 240
60 41 504
16 31 860
81 8 466
15 55 818
1 97 569
4 87 124
97 29 943
65 2 456
62 84 899
73 27 357
99 65 299
23 61 191
82 94 139
40 48 71
44 79 523
7 3 995
42 69 504
34 50 98
47 83 540
27 84 133
88 50 170
91 53 564
46 93 788
2 46 201
93 58 902
31 45 417
74 13 990
24 12 539
51 11 446
50 17 481
33 60 444
52 25 924
32 21 611
67 19 68
12 26 435
32 77 293
20 53 775
24 68 226
89 86 587
91 17 920
55 40 544
48 30 89
98 56 117
6 17 554
74 43 753
65 69 625
62 94 220
63 98 739
81 64 974
40 7 885
7 17 94
11 7 368
65 15 354
92 65 663
26 22 361
53 85 302
49 83 836
89 39 487
80 61 123
95 2 939
24 74 596
36 49 210
11 80 946
97 96 525
26 87 672
46 41 668
66 45 859
34 23 803
18 18 102
90 60 942
12 48 605
91 71 330
83 3 695
46 52 456
26 43 177
61 29 673
54 15 798
5 52 246
70 9 550
49 50 723
9 22 531
21 20 747
22 89 688
82 19 389
36 51 343
97 32 565
34 59 321
100 98 918
8 88 907
64 72 275
50 72 733
39 51 326
88 55 872
100 100 958
39 75 801
13 58 854
95 36 494
51 6 790
28 90 280
22 77 191
79 79 460
74 75 824
45 99 443
70 94 530
49 83 971
2 90 301
62 44 533
4 29 766
8 55 434
11 83 191
60 98 959
99 33 791
34 3 423
53 18 284
28 42 177
59 21 928
42 54 772
22 42 278
58 77 386
25 70 384
97 90 927
57 80 788
11 78 923
67 47 814
14 34 458
73 5 574
98 88 878
87 27 252
77 20 917
19 97 715
59 20 158
43 32 540
7 61 80
56 92 785
46 19 683
6 94 897
21 33 859
5 43 914
50 15 622
4 14 488
13 35 849
30 10 385
18 28 927
28 28 496
32 61 167
62 54 813
71 99 936
15 41 764
44 92 927
32 90 519
51 41 612
46 76 914
18 36 348
74 95 128
5 28 993
93 30 200
4 91 92
27 43 567
65 25 973
69 52 352
43 71 72
76 21 684
14 55 521
94 20 910
36 77 203
20 50 380
36 50 675
20 42 465
81 12 778
25 3 64
99 67 511
67 93 617
82 39 945
21 40 268
7 96 704
80 6 356
57 26 859
11 43 862
15 10 849
19 43 414
7 42 89
11 30 341
19 98 932
36 8 794
18 45 998
61 71 848
98 84 643
86 37 89
24 87 88
47 52 854
33 99 205
88 56 672
40 93 617
52 28 735
68 12 527
70 67 207
23 14 625
82 89 929
27 97 394
83 75 681
15 40 834
26 6 861
95 56 316
51 81 967
82 11 276
79 66 419
21 72 348
24 63 395
97 67 638
100 2 582
31 20 132
64 32 293
22 51 706
5 80 406
88 52 811
74 88 118
18 51 459
58 67 908
100 67 405
41 41 380
68 51 911
17 88 759
44 80 654
60 76 750
88 31 741
8 54 359
36 64 225
35 81 266
5 45 100
62 17 188
56 79 834
10 40 995
83 67 723
61 43 725
90 8 222
23 93 792
12 57 166
15 23 658
3 23 168
3 97 599
49 55 865
53 37 560
11 42 775
50 4 73
25 32 712
28 41 823
15 17 812
95 6 444
91 84 809
30 48 398
11 34 805
2 34 1000
24 5 911
46 3 818
89 96 188
50 64 776
60 86 128
74 31 92
97 81 764
63 90 286
18 97 628
36 13 463
64 60 839
28 83 667
79 24 117
88 2 803
96 50 728
18 100 745
2 89 182
15 35 273
65 14 947
92 72 500
45 38 915
31 67 227
44 14 133
39 14 351
68 83 670
38 5 309
1 18 277
93 63 243
70 74 140
95 45 285
14 87 218
92 9 984
94 31 385
88 20 924
84 4 497
88 31 905
95 60 281
81 39 644
92 82 126
81 69 721
100 18 570
98 31 356
66 28 428
99 3 463
74 76 404
77 74 447
22 21 299
14 40 423
79 68 171
89 68 773
32 58 954
78 29 333
39 65 497
88 98 99
46 35 146
18 72 460
92 49 867
87 7 88
58 28 467
98 10 722
55 2 472
55 84 705
49 44 971
86 5 316
10 49 756
10 22 886
91 80 592
31 25 474
28 100 767
43 84 224
50 13 301
43 40 679
30 34 830
18 68 162
81 52 82
46 61 325
6 37 707
70 85 193
97 69 233
2 40 171
8 19 470
69 3 78
60 22 910
30 55 995
15 83 980
24 40 865
73 88 731
15 50 724
63 39 522
72 97 616
60 79 385
57 27 393
71 17 523
34 23 587
19 90 91
67 23 692
76 67 83
11 8 799
55 80 175
29 100 909
17 48 836
25 2 902
95 66 601
71 43 520
85 100 912
86 38 99
19 52 53
81 31 94
46 56 113
59 14 428
60 16 602
67 95 195
62 14 63
62 66 249
40 13 812
72 27 362
58 48 398
59 2 515
92 29 319
83 33 188
13 16 289
55 93 119
23 1 186
88 49 475
8 98 109
30 19 543
56 64 655
24 10 311
55 13 884
2 93 343
82 73 827
63 13 110
62 98 612
17 88 219
69 27 239
61 75 822
75 49 302
5 89 778
5 42 284
11 43 92
81 36 985
96 86 233
2 84 118
24 100 612
67 28 505
67 89 274
91 70 479
38 67 350
39 70 315
95 95 797
16 32 351
41 90 418
10 83 937
97 14 623
99 39 257
90 55 820
85 100 864
6 62 484
81 33 364
75 65 768
60 95 523
97 92 192
50 12 184
40 18 921
20 5 141
56 45 721
66 66 901
47 17 133
79 45 612
38 99 598
50 21 52
10 24 659
91 60 92
60 38 904
25 6 670
58 94 279
83 15 939
97 11 376
77 91 511
58 1 509
45 73 903
15 100 609
48 77 836
94 1 612
3 6 298
22 69 784
19 49 193
44 93 701
76 2 974
10 14 985
45 95 190
32 87 212
97 21 634
46 25 737
71 52 868
78 41 429
75 89 485
31 89 90
38 37 482
13 96 978
53 75 241
92 99 658
23 72 126
53 19 928
17 79 80
80 17 439
12 41 98
69 47 182
13 1 712
4 43 349
24 84 928
69 59 682
54 87 684
48 63 256
12 100 283
60 9 593
32 18 445
27 14 215
4 30 690
36 40 345
36 14 111
7 47 166
23 26 300
87 66 919
15 72 286
32 30 483
12 98 102
45 96 995
1 63 87
86 12 367
96 33 533
80 3 178
44 26 461
13 48 132
23 73 793
54 60 446
42 52 885
8 62 350
18 69 89
2 47 65
29 84 495
45 1 802
98 2 317
84 14 298
26 4 678
2 84 468
46 41 577
66 26 659
77 1 850
18 26 145
10 43 772
30 67 341
13 24 776
63 83 725
44 53 100
69 78 288
72 90 849
34 24 115
49 55 720
66 17 997
90 74 487
91 22 558
99 73 657
12 59 604
4 28 358
89 67 793
65 52 233
41 91 744
8 40 613
3 25 633
33 73 329
15 80 905
11 18 434
49 8 155
79 57 597
87 72 969
23 67 412
69 83 514
60 13 345
22 60 577
11 46 784
8 47 777
93 89 700
22 33 64
2 75 578
25 61 272
95 48 443
45 62 554
25 30 851
1 100 652
26 62 112
94 81 297
11 76 430
68 37 285
55 93 848
33 3 373
99 82 257
9 67 479
10 58 607
18 30 329
96 82 955
18 23 164
48 92 645
82 16 557
56 62 74
67 68 911
76 9 197
13 23 516
7 14 689
10 67 85
83 51 678
100 56 755
6 68 128
55 85 759
95 54 569
40 9 62
42 59 171
7 60 466
89 6 382
69 44 616
71 35 632
8 89 627
76 49 573
12 78 97
89 16 756
100 75 765
36 22 527
40 70 501
20 30 589
12 75 886
26 61 894
11 63 665
52 60 666
35 52 853
35 91 98
15 44 155
7 70 569
67 1 532
26 50 69
6 87 427
56 67 585
57 35 311
44 72 738
76 6 712
40 47 407
49 80 967
89 33 643
97 63 832
40 17 319
88 93 785
43 4 361
69 4 254
31 74 341
70 19 566
49 9 497
38 11 594
34 55 834
10 60 117
33 91 785
73 14 201
55 55 689
57 66 748
17 69 758
19 99 197
96 19 818
25 82 602
61 68 704
37 46 329
35 30 223
69 21 166
13 68 121
2 59 305
9 60 391
64 10 905
42 33 318
90 4 958
29 65 718
10 72 278
27 93 187
18 46 258
23 27 408
12 24 111
9 42 391
35 87 610
54 14 287
47 92 929
51 33 844
35 78 512
53 93 816
27 45 451
60 95 461
61 21 396
39 44 226
44 2 629
52 50 993
56 91 438
48 88 401
1 12 902
86 57 956
28 93 728
70 76 311
25 86 600
65 91 92
51 61 737
83 86 87
34 58 595
47 51 105
90 63 899
57 23 959
92 23 985
71 18 367
12 33 379
3 43 201
55 91 347
66 7 815
83 54 332
29 54 926
37 89 342
92 87 327
89 90 266
94 89 424
99 38 116
93 43 603
25 18 466
16 17 970
48 15 957
2 33 183
60 72 804
28 76 721
62 17 675
2 35 918
51 87 684
16 85 115
60 58 181
49 41 595
12 35 763
8 88 89
24 45 493
80 96 665
83 48 169
32 5 929
3 47 723
100 6 718
64 37 391
99 57 747
1 87 88
89 4 859
65 8 327
49 12 690
13 22 494
75 3 985
5 90 330
94 58 920
98 77 174
61 2 98
100 71 547
37 26 520
66 18 344
36 25 394
51 15 237
72 42 340
86 38 108
35 97 771
72 13 363
8 75 309
83 25 648
32 43 90
78 49 564
28 52 453
28 90 831
74 72 731
27 90 427
85 94 292
79 22 683
31 32 994
33 23 158
44 73 279
73 87 563
31 57 67
60 87 504
65 85 354
2 44 914
1 28 139
20 100 401
54 52 964
45 68 100
38 40 941
74 23 155
76 72 233
85 48 898
83 5 359
88 10 113
64 74 934
37 64 816
31 37 403
6 38 199
79 28 720
75 8 745
42 21 294
69 79 152
22 98 535
46 27 133
33 58 463
37 84 594
69 6 801
55 50 517
45 97 862
62 3 841
37 74 316
76 33 605
41 10 124
16 33 561
87 24 971
5 85 426
53 62 870
13 68 233
74 58 796
75 76 939
44 16 205
97 69 863
47 5 776
3 86 101
78 98 505
84 86 892
69 65 102
77 80 358
94 55 710
54 56 378
77 33 918
92 68 266
65 89 771
98 11 120
72 91 693
9 57 370
83 8 240
17 56 933
46 100 264
64 36 345
70 20 116
23 43 929
37 45 725
42 50 706
3 7 890
95 15 462
90 77 924
17 52 267
64 93 590
10 8 659
24 33 601
42 50 882
3 97 889
81 2 797
61 34 722
60 15 400
83 17 682
36 36 725
65 94 610
73 65 1000
96 34 538
86 71 932
3 58 474
94 59 700
96 14 629
4 45 557
15 50 883
73 65 165
51 100 806
1 73 340
68 51 149
41 42 691
36 92 854
91 63 852
60 55 859
15 60 899
67 58 321
57 98 99
92 56 93
84 88 902
9 47 215
88 15 134
33 88 457
55 9 413
41 91 719
5 33 889
99 97 213
8 17 230
81 62 286
88 24 444
10 45 767
66 19 897
61 95 844
5 38 555
11 34 54
25 5 596
92 98 99
14 72 100
33 90 663
7 21 687
96 38 684
79 34 937
50 86 87
12 18 853
38 33 786
5 26 526
54 91 554
25 78 954
98 78 893
75 78 555
41 18 199
23 55 278
5 28 815
27 45 784
30 12 619
84 21 407
57 22 252
44 21 232
19 69 232
94 22 580
6 86 761
17 48 517
85 87 332
66 86 370
45 79 839
36 36 772
57 16 727
84 89 510
28 89 409
91 71 575
21 97 761
97 73 351
95 88 995
7 86 324
97 78 949
63 79 444
62 12 337
35 85 543
12 57 567
58 64 702
70 79 954
96 11 335
4 48 209
40 1 781
75 54 125
2 49 450
7 80 888
33 20 272
100 53 907
9 51 822
77 1 168
2 14 391
5 4 643
56 1 394
63 11 356
48 62 909
39 21 608
90 15 592
55 90 795
98 99 234
77 66 546
10 22 278
52 74 764
55 75 936
36 50 466
99 3 251
52 57 529
74 55 961
15 83 309
32 70 227
17 29 830
74 83 719
40 87 193
26 15 182
8 96 537
74 74 370
45 32 491
64 71 939
38 25 457
68 9 121
60 88 503
17 83 751
80 85 911
34 20 675
52 89 171
91 62 93
45 97 573
26 27 830
80 41 314
1 100 847
26 41 628
52 73 859
36 88 687
87 36 547
58 13 270
45 38 665
81 12 299
17 65 985
78 69 881
40 23 916
25 94 770
72 85 227
53 47 114
68 92 145
68 100 394
37 42 678
51 31 77
4 28 189
13 1 277
58 34 593
89 68 669
62 49 200
58 51 179
77 76 942
11 98 390
40 86 941
47 89 99
65 70 470
23 23 89
33 34 976
22 78 614
79 96 490
25 21 966
26 36 248
5 25 457
9 89 206
42 79 738
26 87 515
78 51 561
15 28 254
41 16 266
70 11 355
37 32 961
90 79 907
13 25 873
89 68 310
91 54 898
2 10 467
92 81 980
67 27 853
27 31 404
6 7 993
85 92 979
43 33 798
59 42 85
35 26 863
71 85 806
34 49 666
6 86 425
94 98 774
1 14 539
76 83 659
80 100 104
75 97 887
94 87 445
47 17 159
37 56 65
41 96 538
67 40 442
46 45 163
20 3 756
62 88 173
29 37 340
71 16 88
87 29 122
23 46 576
21 64 71
75 9 525
83 21 837
34 32 95
54 9 292
46 95 825
71 88 89
19 2 720
88 78 261
33 93 863
58 21 92
86 58 518
69 83 331
28 82 655
66 60 937
9 29 610
75 97 939
55 49 938
81 22 871
47 36 378
50 88 463
60 84 242
11 9 191
100 42 551
11 34 971
22 58 994
91 47 809
100 92 242
74 46 611
30 41 883
17 16 998
45 29 627
92 14 451
72 6 818
88 88 474
63 2 80
63 94 423
82 14 324
13 71 873
61 9 445
65 14 81
81 25 556
13 82 877
28 22 342
78 41 696
34 87 707
20 86 308
48 5 470
82 8 252
89 63 823
23 41 815
69 94 95
86 28 433
63 70 80
76 58 876
68 59 965
18 88 926
36 31 400
93 59 514
32 22 997
34 9 520
46 43 920
28 49 900
93 18 94
44 60 558
32 52 627
18 7 336
48 37 145
69 87 171
72 88 917
39 34 402
91 56 105
71 33 752
86 65 516
20 20 995
25 79 716
92 53 131
80 100 101
22 16 331
22 24 424
81 65 461
87 76 688
96 72 576
35 4 191
50 48 771
11 59 542
37 42 856
48 83 397
77 44 171
56 66 810
3 62 944
3 95 925
100 49 944
67 19 426
20 48 815
44 52 691
88 32 89
7 27 686
82 80 494
41 8 576
64 97 452
100 95 411
32 26 92
93 54 99
55 21 907
11 79 434
70 41 891
79 76 610
82 24 806
3 9 758
45 87 353
35 20 706
99 76 178
95 52 96
37 26 984
65 77 856
43 22 814
100 35 847
21 2 592
64 25 495
83 94 95
88 6 110
76 89 844
15 53 561
67 77 815
56 48 267
88 19 180
87 96 662
62 94 734
89 29 432
89 31 125
24 12 530
92 62 992
40 9 823
1 74 554
62 19 250
33 88 556
62 72 98
34 13 127
35 1 669
55 20 162
100 30 272
28 93 223
34 82 938
69 98 331
96 54 939
79 88 611
32 47 780
95 20 745
9 44 798
73 80 444
46 86 142
45 10 458
58 18 820
79 4 153
63 8 736
39 37 913
97 80 343
91 97 141
93 39 94
96 89 354
22 80 995
98 100 903
56 80 492
71 12 72
57 8 673
85 24 376
15 58 290
28 26 650
94 77 799
100 77 119
3 13 674
80 15 964
19 41 288
55 72 399
75 79 80
30 11 937
38 56 315
16 35 769
45 63 502
35 43 844
97 25 481
43 26 215
25 35 112
24 45 303
23 27 66
19 63 633
5 56 529
61 75 720
69 97 904
28 15 490
55 32 286
10 67 682
27 20 860
50 91 856
47 77 985
60 48 707
81 12 814
96 75 857
7 25 447
1 13 968
35 45 997
47 30 758
56 38 236
51 58 382
76 55 410
21 72 371
53 99 330
49 52 168
24 12 203
78 46 235
45 18 217
65 19 160
37 34 606
22 80 480
19 14 645
72 22 835
34 58 672
15 82 106
45 66 103
48 59 391
41 26 559
43 31 829
36 95 471
62 93 209
39 22 670
93 64 699
45 71 75
94 70 903
28 26 544
46 34 552
49 22 726
96 54 317
80 25 744
21 3 219
59 19 511
44 76 322
59 29 786
58 7 504
89 66 873
4 66 91
48 4 852
45 74 555
39 18 60
56 61 157
13 92 581
41 92 902
54 4 776
45 74 268
89 73 816
22 36 355
1 96 462
94 93 428
80 76 101
63 52 331
49 66 730
82 41 635
41 28 971
1 61 982
68 9 776
25 53 941
22 48 828
36 87 302
92 24 116
59 80 652
62 49 383
35 67 907
37 79 924
54 40 660
45 29 138
74 44 887
80 27 813
41 70 644
94 1 762
48 37 402
49 26 239
54 8 368
25 68 571
65 83 949
66 51 616
92 77 822
15 54 182
39 90 742
94 37 940
50 48 578
37 75 82
49 51 211
58 58 397
40 60 84
48 96 551
22 67 403
50 69 972
48 75 1000
64 5 403
52 45 823
91 2 905
96 91 103
64 40 440
45 51 589
25 65 504
41 53 374
89 98 485
74 86 979
6 83 406
92 59 297
53 59 571
91 44 909
15 13 597
42 80 963
3 5 937
14 37 964
33 9 588
65 29 731
83 98 353
4 10 471
45 81 510
12 68 871
87 92 152
45 45 468
16 52 768
58 98 254
37 22 876
87 69 838
15 93 252
56 70 985
62 26 919
2 57 456
3 84 401
28 32 346
92 13 944
77 24 650
80 65 534
9 47 375
86 67 119
53 90 901
49 56 584
95 8 428
54 17 725
73 93 855
29 29 688
60 69 111
94 75 937
34 73 978
21 53 306
45 54 837
72 15 372
64 81 708
30 24 279
86 37 674
73 43 937
96 72 813
56 85 837
32 60 146
79 54 891
26 71 170
25 65 885
19 94 275
35 98 978
29 16 713
19 16 239
88 95 653
49 21 431
77 50 313
73 54 967
81 38 110
34 94 147
30 12 509
13 36 839
81 86 633
8 70 188
79 60 410
77 78 315
73 20 94
18 68 500
5 76 77
38 55 646
86 78 611
75 23 875
95 12 561
79 78 862
21 83 137
25 28 85
39 41 256
72 11 350
8 48 687
23 56 474
30 91 808
8 64 843
9 6 396
80 93 343
4 57 603
44 51 919
94 2 216
90 15 746
85 34 731
1 50 854
91 17 280
75 31 539
49 39 764
41 88 573
20 28 371
95 70 809
91 98 521
81 90 699
87 7 364
40 4 349
22 79 480
96 15 499
66 51 99
87 21 943
7 48 785
44 67 719
46 56 779
100 12 991
68 59 811
74 99 161
2 100 932
91 24 960
10 52 763
47 89 971
41 81 532
92 45 616
62 56 958
63 23 698
48 23 545
79 9 476
45 97 169
84 48 557
94 35 820
58 15 708
32 4 156
98 56 99
15 89 159
83 25 807
11 90 141
43 98 361
59 10 353
11 10 838
31 29 560
99 72 686
27 83 211
64 98 161
12 67 395
8 22 895
59 60 675
49 76 118
28 75 115
54 1 867
32 20 999
94 38 417
95 67 992
26 40 991
18 63 238
10 71 980
34 46 249
51 92 233
13 24 373
24 83 480
13 58 728
16 57 544
18 84 238
10 44 669
57 39 440
17 6 515
36 87 585
88 23 437
43 29 236
72 93 450
19 83 897
37 2 940
94 56 380
2 47 129
16 39 808
22 20 413
82 66 222
99 78 807
72 38 712
25 2 475
65 45 805
5 56 412
55 97 285
48 81 526
41 63 532
12 100 252
41 58 593
11 35 873
85 13 260
63 13 242
11 78 821
65 33 90
29 9 455
43 90 460
19 79 670
70 20 176
77 26 240
50 17 779
88 91 113
63 66 69
80 97 696
47 98 289
13 30 983
99 92 869
8 8 988
97 64 447
11 42 811
39 25 283
100 79 843
74 89 770
70 71 879
5 73 470
7 22 540
31 85 738
70 76 945
16 12 997
86 26 213
78 87 90
3 37 981
6 44 468
17 39 155
62 25 847
80 19 277
38 90 189
71 46 418
70 51 952
73 43 285
47 44 519
34 26 469
4 72 633
21 78 833
62 70 257
27 74 786
81 87 848
75 86 87
29 9 977
95 60 96
19 98 819
88 43 398
87 56 909
64 49 207
93 68 255
22 92 941
27 13 643
59 33 562
78 48 703
98 6 513
32 47 921
70 27 303
50 77 585
54 39 438
82 96 269
31 34 116
99 13 859
47 56 902
66 75 660
36 61 472
83 40 374
78 20 473
15 53 814
48 79 638
80 11 948
91 44 910
87 33 953
74 59 972
25 84 858
62 49 824
44 82 412
28 89 614
32 14 451
79 67 762
42 92 172
33 78 595
7 88 868
80 56 169
79 49 304
85 83 260
65 78 434
47 3 251
70 59 486
79 46 952
40 86 207
9 30 283
57 47 699
31 89 242
39 65 161
75 96 738
45 7 805
30 40 357
93 93 610
33 37 737
51 91 719
82 2 569
100 46 393
83 16 546
1 21 726
12 44 942
68 64 522
15 81 279
44 10 797
53 51 101
91 86 889
97 4 995
15 49 191
56 87 88
48 54 425
52 52 212
56 90 820
49 49 466
40 45 527
2 94 495
52 4 868
64 28 364
28 51 92
36 83 537
14 34 88
85 5 963
96 95 567
42 83 164
28 91 596
22 19 138
52 86 303
18 87 449
32 28 241
87 64 654
85 52 650
6 74 976
26 18 674
66 56 458
34 55 698
64 9 882
91 91 773
35 98 649
82 37 108
52 62 926
49 62 712
31 9 137
33 44 794
81 37 467
85 29 457
34 33 212
5 25 568
47 33 417
31 55 682
62 11 490
15 65 174
80 74 325
21 87 112
72 96 103
89 97 513
34 24 262
87 19 480
7 3 466
94 17 341
94 86 677
42 52 105
66 78 415
48 4 898
91 62 811
77 91 339
86 13 100
11 90 137
35 22 993
61 69 144
70 78 433
84 44 577
61 17 866
43 11 828
78 5 288
64 30 476
33 35 387
42 65 220
67 15 920
6 21 437
20 100 169
67 32 613
69 53 960
17 76 966
8 60 686
33 28 300
87 19 230
71 14 786
56 4 934
32 2 250
77 25 869
93 73 644
1 87 316
53 66 778
16 81 666
12 77 385
4 20 629
49 28 734
88 38 170
56 28 657
88 74 306
68 80 223
58 11 575
71 100 101
32 79 650
32 19 250
71 25 968
51 50 948
50 63 888
6 76 179
60 45 456
1 3 819
74 23 180
62 54 239
70 50 343
31 36 552
60 22 173
77 39 170
44 26 818
91 71 872
53 96 791
73 91 732
31 40 646
90 72 792
10 88 919
59 81 364
52 76 553
95 20 903
51 8 438
84 64 793
55 82 313
10 5 703
100 37 484
59 10 234
6 17 359
74 65 503
100 58 267
23 13 214
12 95 636
39 94 780
62 22 165
31 49 792
57 46 343
94 63 225
38 71 472
9 52 307
72 91 563
3 64 925
58 95 132
66 67 689
9 79 714
49 50 263
38 46 160
93 6 161
100 71 850
77 82 851
15 79 378
8 22 796
15 70 819
17 90 167
68 26 769
81 57 82
82 82 394
15 11 68
16 37 684
85 72 382
71 28 787
15 19 130
73 53 948
26 100 238
72 61 558
40 53 133
98 17 156
98 6 992
88 82 955
39 10 171
51 19 57
50 30 910
71 17 895
44 64 803
67 4 712
2 29 789
69 91 323
36 5 686
36 34 358
61 70 139
48 79 550
12 25 431
69 88 135
96 83 865
83 83 874
19 97 973
27 19 551
98 82 587
53 44 661
45 10 449
83 3 124
78 90 93
73 34 598
79 58 897
65 76 721
9 39 588
74 79 761
93 85 436
21 86 144
27 23 247
41 71 771
8 39 271
23 48 581
32 73 249
57 37 758
56 92 236
68 27 120
47 27 942
48 40 453
80 61 211
88 43 350
66 65 523
48 9 157
71 14 410
3 62 661
6 75 521
74 64 482
40 25 589
16 66 116
77 18 539
19 73 949
59 98 99
36 22 449
84 93 728
99 30 985
99 75 200
64 82 853
60 31 226
38 86 320
53 8 445
46 44 63
16 72 995
82 9 764
59 96 697
56 69 250
2 40 78
36 33 484
1 8 623
93 90 830
51 45 815
26 33 154
22 27 599
81 41 492
4 20 543
63 57 493
77 99 333
20 98 353
21 16 72
45 89 404
12 26 297
25 82 456
30 29 788
51 31 202
52 90 927
67 5 179
25 43 276
97 27 210
64 33 300
5 88 506
5 87 914
52 50 911
94 53 320
67 36 410
69 34 763
73 75 978
96 84 97
41 29 989
59 100 242
33 14 979
90 13 311
20 5 880
98 2 189
1 28 441
2 65 853
75 97 187
45 96 419
66 83 846
52 41 492
35 59 153
58 54 385
60 57 486
12 33 458
30 28 548
69 85 808
12 50 397
49 78 431
18 51 301
5 16 732
43 14 991
52 96 174
35 84 163
44 92 530
84 35 630
34 54 298
81 34 463
52 70 302
24 93 474
64 60 84
78 87 833
22 66 629
48 57 132
42 48 71
81 36 601
32 3 424
70 57 935
7 63 743
12 49 649
60 29 422
42 33 894
76 49 564
18 65 805
40 69 559
9 68 460
39 44 223
10 40 603
83 65 562
9 63 436
48 84 854
53 75 584
39 19 556
86 20 577
87 37 939
81 88 116
35 63 735
4 51 458
67 54 382
36 31 791
16 59 873
65 4 66
42 65 648
69 59 609
31 55 371
14 92 527
76 32 172
67 19 845
80 12 488
38 28 290
71 41 120
51 43 916
71 68 124
73 7 582
89 38 128
64 51 278
87 82 457
66 26 243
56 43 178
68 14 929
75 18 76
33 92 844
88 83 89
8 78 450
27 55 112
28 19 66
79 20 618
38 100 127
94 52 158
53 59 979
43 33 113
54 17 958
44 21 492
37 13 417
37 26 486
16 46 611
67 70 864
70 37 248
21 47 423
75 34 76
22 70 194
91 64 497
63 53 375
85 22 964
98 81 218
30 3 908
94 2 672
58 36 381
74 86 152
26 77 229
29 95 200
62 24 827
18 22 575
93 37 775
29 6 744
29 97 618
92 28 615
48 6 424
27 64 224
60 87 702
100 24 313
48 45 513
38 76 355
60 31 179
69 13 771
70 12 847
95 71 813
83 74 616
33 69 284
18 22 573
91 56 581
53 54 541
41 88 755
21 4 559
34 6 697
97 82 254
4 85 262
50 39 559
19 48 353
71 48 909
79 42 666
58 64 341
66 77 664
68 44 326
43 50 797
99 65 387
62 86 637
41 100 248
1 41 657
27 19 786
48 96 97
79 56 877
65 42 688
8 79 80
64 73 499
11 55 795
2 63 620
98 20 498
80 27 599
37 10 674
63 74 708
5 89 844
70 80 239
76 56 378
52 100 812
32 16 723
12 21 656
4 15 311
61 82 983
24 58 716
67 44 954
6 5 509
51 68 593
28 7 486
60 79 601
85 100 828
22 86 903
85 36 981
75 1 172
53 10 890
75 86 375
90 74 542
29 41 241
69 48 289
14 90 240
65 81 796
94 44 635
1 48 670
53 60 498
26 13 558
61 37 778
86 93 131
18 30 812
65 77 704
18 8 304
25 69 191
19 30 89
42 18 369
66 94 808
81 99 860
22 29 552
98 93 141
71 51 882
49 13 546
5 26 307
53 32 473
96 70 760
28 47 719
24 5 260
95 48 429
33 62 114
79 68 810
92 40 987
53 69 982
85 55 439
65 29 662
93 32 177
79 94 568
19 16 839
8 93 275
91 39 353
74 58 265
29 91 114
48 20 184
75 59 474
46 31 685
76 11 104
35 64 871
96 41 407
60 26 596
36 19 585
86 37 226
83 60 535
50 61 756
74 43 593
8 70 137
54 80 552
22 36 863
5 4 96
79 95 761
94 44 526
45 64 457
74 72 783
55 71 72
88 60 920
40 45 493
65 73 592
46 90 285
95 1 485
78 77 593
12 78 458
71 57 779
62 5 747
98 90 758
4 15 814
91 38 551
98 78 814
9 87 992
48 8 529
85 64 933
64 3 65
51 34 442
9 12 66
52 96 688
25 79 326
86 82 737
4 84 429
20 67 157
91 45 566
87 56 216
5 13 188
46 40 353
37 27 879
26 37 844
62 56 581
62 20 419
14 22 633
41 90 911
68 24 828
56 82 851
56 7 977
17 8 420
83 18 408
46 27 244
58 75 272
48 76 322
21 91 857
18 93 354
78 13 358
46 60 872
54 39 473
9 100 101
97 50 914
25 67 808
90 45 449
86 94 839
100 83 213
60 40 440
69 3 798
92 25 494
15 7 951
68 67 373
61 63 628
31 94 571
84 54 159
89 51 714
49 48 675
15 17 320
58 44 210
8 94 639
15 57 282
80 66 243
10 77 918
38 22 890
91 48 92
76 14 92
24 60 478
21 62 156
77 32 348
2 67 639
27 95 641
53 38 655
27 65 509
4 42 166
78 7 150
90 97 250
77 35 850
81 12 665
57 8 448
96 62 909
62 68 781
70 100 286
52 61 670
74 87 804
45 51 162
31 84 788
43 96 401
38 84 362
25 36 617
69 100 457
34 98 99
1 46 852
78 60 332
72 73 637
50 18 880
18 47 437
85 33 362
14 9 864
60 48 567
7 21 816
41 64 947
67 11 748
89 62 510
4 86 755
11 8 780
94 30 317
86 89 782
1 38 980
82 91 762
9 7 494
11 36 130
63 66 680
67 1 919
85 43 318
41 23 623
83 7 655
44 59 102
89 84 132
64 41 570
48 100 690
72 75 76
99 55 491
88 88 452
93 63 474
61 17 803
94 25 494
2 95 705
25 55 294
5 38 631
23 69 891
24 75 678
40 2 319
29 11 180
83 11 197
45 25 430
27 23 944
52 53 550
39 18 182
22 44 234
59 74 960
16 70 71
1 81 670
32 65 903
19 43 915
57 24 280
6 20 972
34 13 193
40 59 416
19 91 824
80 14 996
21 82 368
70 34 360
74 9 979
56 70 430
33 96 616
61 82 346
75 11 793
43 79 668
87 68 596
47 97 428
25 90 323
50 79 228
43 80 794
44 41 935
55 9 992
26 57 769
26 90 693
20 4 221
14 22 266
43 75 962
87 5 232
90 58 651
20 61 379
71 64 830
74 13 427
2 82 83
1 7 580
40 51 838
29 64 255
68 25 737
5 11 600
65 48 327
14 46 966
19 15 123
52 11 192
43 76 318
27 42 923
85 51 196
79 78 82
10 80 365
68 20 838
10 4 868
86 82 198
57 62 918
30 62 194
39 59 411
15 28 530
2 34 495
87 99 322
35 57 58
68 47 418
63 75 282
38 75 97
33 81 276
36 7 929
16 82 718
37 7 374
17 90 768
33 32 770
26 36 344
2 36 903
4 32 579
99 46 721
68 84 729
84 58 257
29 13 733
43 64 199
61 85 380
26 23 145
42 13 185
29 8 472
37 42 318
81 16 82
96 38 919
54 5 923
72 12 899
4 63 838
15 34 982
41 64 403
88 55 128
18 65 158
12 3 290
97 73 628
69 69 369
79 63 737
24 65 566
55 1 818
25 81 414
83 63 278
85 67 94
61 47 440
70 36 71
13 70 198
68 31 297
61 43 228
68 66 502
35 66 468
61 68 725
4 30 771
68 93 896
37 53 956
94 14 413
98 60 467
10 27 852
42 28 869
8 65 440
57 69 247
13 64 556
69 97 151
59 45 166
68 99 532
16 12 178
83 51 690
79 2 491
98 7 456
90 57 750
62 72 668
35 39 85
24 78 594
22 15 972
23 50 422
7 65 543
79 45 98
97 61 560
15 36 706
22 6 357
74 64 179
79 67 442
67 97 595
60 19 585
70 13 136
85 71 113
28 42 351
72 50 996
23 89 288
9 45 401
80 33 418
32 39 573
5 56 259
56 65 785
69 98 432
37 62 212
50 82 800
25 34 570
3 59 776
40 35 918
84 100 204
12 81 340
87 7 137
3 93 611
54 63 647
21 53 196
49 34 137
72 79 674
86 37 661
56 87 834
98 6 563
100 91 835
17 57 785
38 82 901
79 48 573
75 3 76
26 8 552
51 78 79
74 34 876
72 55 941
56 62 250
9 7 99
93 28 979
23 87 843
10 70 424
66 20 780
42 51 670
89 43 873
44 81 550
46 23 172
13 86 609
68 94 865
79 10 408
11 41 284
9 78 882
7 18 52
77 95 802
78 23 397
26 15 792
7 52 965
58 66 535
94 10 968
45 67 431
67 67 275
15 43 703
5 2 80
28 93 517
90 18 751
69 98 321
55 72 384
9 65 448
70 41 836
10 84 464
42 25 364
60 99 831
18 64 859
72 11 634
31 21 565
90 82 91
84 81 795
10 14 174
29 31 789
57 41 714
91 6 110
95 58 498
50 88 862
98 42 287
100 98 803
62 85 535
96 44 855
63 30 741
32 90 987
4 39 847
76 26 409
95 60 96
19 13 262
11 85 833
30 71 346
32 99 630
78 46 79
57 5 58
13 9 920
66 62 754
53 54 224
32 25 888
84 98 524
6 74 920
53 54 176
24 27 687
77 36 395
79 2 176
37 48 905
19 86 823
18 2 691
50 90 430
72 70 601
93 43 998
62 76 561
33 9 304
95 88 245
26 3 86
21 6 719
23 71 868
10 66 553
3 29 276
97 48 766
48 55 327
23 1 988
32 13 553
90 66 198
72 64 189
22 14 507
48 75 817
5 35 405
29 96 285
58 50 998
37 89 311
77 77 385
27 38 101
1 67 648
52 13 969
64 87 287
74 73 467
22 82 83
87 78 391
99 65 584
6 24 213
4 87 451
74 17 507
62 49 180
60 45 873
58 6 895
21 85 184
16 45 298
21 1 874
81 14 886
5 24 136
13 44 324
8 44 76
36 98 819
2 90 1000
86 39 420
87 67 718
42 12 613
97 81 98
23 2 96
94 63 665
52 23 815
98 21 801
87 53 866
82 72 911
54 84 552
25 70 790
12 47 644
45 18 870
84 78 895
99 21 196
73 81 149
51 89 772
13 28 785
62 87 902
98 75 747
74 85 86
100 24 662
32 99 408
13 82 695
86 51 608
43 2 921
31 28 143
82 54 209
50 84 607
28 55 286
55 86 488
100 72 950
43 49 313
10 3 333
54 9 267
53 10 597
58 55 710
13 91 236
51 39 72
30 41 63
57 52 526
82 56 359
59 26 97
21 77 84
29 99 949
33 75 880
55 45 258
12 54 474
82 38 812
27 25 266
96 63 492
44 7 107
35 89 379
6 30 423
32 76 542
22 4 577
11 31 642
99 23 827
32 14 568
75 94 793
6 85 465
57 93 761
44 84 498
83 27 826
33 94 714
63 66 452
23 78 801
93 79 203
84 99 238
97 97 579
20 98 251
68 68 944
53 64 939
56 39 452
22 95 497
78 90 715
95 100 752
73 6 395
90 82 368
100 79 419
49 75 111
89 99 234
94 48 422
52 31 603
62 89 873
76 96 575
69 85 344
4 2 629
36 25 305
64 54 375
52 5 438
73 91 92
1 39 619
43 39 617
69 22 741
43 58 633
38 54 414
80 90 532
50 95 493
38 95 847
10 18 236
8 13 270
91 41 312
6 53 926
97 91 683
85 71 757
8 36 789
98 56 868
27 97 801
83 29 405
64 24 461
98 29 696
58 5 382
86 99 405
34 63 610
86 59 114
8 66 676
46 90 608
84 85 560
31 15 422
97 33 796
45 83 699
48 59 64
8 83 544
24 93 741
46 25 659
30 20 771
25 66 67
6 72 393
51 41 573
99 66 692
4 58 475
86 56 310
58 95 216
90 19 688
84 96 145
49 59 706
65 38 72
42 89 721
3 82 296
95 94 233
63 51 360
21 74 929
82 72 539
57 50 307
52 46 661
77 18 432
42 74 349
81 58 747
67 76 986
36 66 412
68 18 168
37 38 769
23 75 236
52 8 227
21 22 571
90 12 129
85 63 376
61 12 454
19 93 510
23 49 127
49 1 279
70 8 632
42 74 145
20 9 427
93 27 930
33 42 951
96 31 513
6 17 520
64 79 721
15 32 957
48 33 227
87 95 491
67 33 142
23 68 312
17 57 983
79 74 481
65 75 376
6 84 439
1 26 244
5 26 563
80 50 697
37 80 258
96 41 465
34 35 989
37 91 656
57 52 327
33 21 660
94 13 766
84 11 264
95 55 716
74 17 714
41 63 721
82 42 653
27 11 326
27 47 488
55 87 602
88 26 475
82 28 362
85 1 971
77 59 980
22 27 827
35 77 734
45 78 391
37 74 318
14 57 934
29 22 324
20 31 627
26 54 207
90 14 451
16 40 934
13 86 637
84 10 222
89 54 533
26 71 998
14 12 213
15 83 725
81 44 709
51 34 356
72 86 145
2 50 796
78 83 896
88 16 805
79 69 753
28 55 1000
48 46 819
95 94 96
88 91 199
17 57 627
88 34 595
94 66 861
92 26 837
36 36 580
61 93 309
11 89 90
70 80 854
40 70 713
91 16 645
72 28 433
64 17 399
20 9 441
5 37 118
10 86 714
23 40 297
29 46 55
68 86 87
78 79 906
98 34 443
40 41 395
33 69 352
89 1 419
72 12 183
39 76 288
19 91 550
52 95 677
65 82 343
35 17 527
75 34 291
100 12 554
57 71 72
40 53 734
96 76 258
52 13 180
83 61 326
89 56 420
20 14 313
21 54 450
78 35 728
73 100 232
100 85 101
9 49 1000
45 19 858
31 17 753
19 61 109
45 73 603
47 1 739
86 49 170
61 77 558
25 89 706
33 37 164
86 14 610
42 69 804
99 71 644
23 27 761
88 25 121
85 49 968
49 30 381
64 90 800
45 12 890
24 74 559
93 71 607
63 27 279
44 40 627
91 8 957
18 92 615
87 36 809
66 67 996
67 92 488
10 32 894
35 49 89
16 30 238
18 11 655
75 75 959
76 89 336
18 44 783
63 42 117
58 56 842
49 64 575
55 88 744
6 73 770
83 91 787
44 43 931
82 74 828
48 86 714
89 79 885
63 56 650
70 86 719
51 72 258
100 8 809
97 8 881
99 80 674
88 32 539
71 30 577
63 69 202
20 94 829
65 89 963
24 39 864
65 98 520
23 28 981
58 15 267
21 61 758
81 5 325
5 6 322
9 2 454
18 35 577
32 79 641
84 74 101
57 69 940
15 6 908
10 79 304
91 92 638
90 72 174
27 72 100
8 32 633
30 89 841
1 76 269
48 99 259
4 16 592
91 47 538
37 91 634
69 72 602
96 16 899
21 90 102
67 1 820
40 61 819
86 42 782
87 32 803
61 24 400
84 54 918
57 43 770
17 42 565
94 45 322
45 46 805
6 100 526
67 66 662
83 97 314
60 52 119
85 27 787
67 73 530
5 89 583
70 43 516
55 47 570
45 48 685
20 60 386
72 90 294
56 39 221
66 86 405
17 63 473
41 52 876
39 56 922
32 45 558
89 35 874
58 79 694
24 21 825
30 20 267
72 27 557
18 45 706
20 57 902
63 88 958
1 62 547
47 50 226
76 23 469
20 90 210
24 19 349
56 16 446
9 84 965
18 26 775
45 30 495
52 42 897
41 6 172
91 55 910
29 64 541
94 20 872
23 30 552
89 41 243
77 100 277
92 13 751
40 14 253
2 72 193
95 93 902
24 43 103
63 56 642
53 48 663
61 69 151
48 9 101
15 30 780
26 77 734
14 8 603
94 57 131
94 32 855
44 93 238
46 59 368
39 26 83
89 9 920
40 45 389
87 94 396
44 33 848
3 76 605
45 56 492
60 3 854
61 69 712
59 91 122
55 11 823
37 86 518
19 31 788
74 11 821
16 72 97
54 22 55
82 32 827
76 94 772
81 21 745
35 100 652
5 50 206
11 93 539
39 55 655
5 74 460
33 81 357
35 24 375
42 91 710
92 1 760
44 66 277
15 24 974
35 51 71
83 97 875
77 51 913
24 4 718
13 19 669
99 63 323
43 45 860
85 53 888
48 69 899
45 69 740
12 27 450
87 38 493
15 56 227
61 69 128
60 31 619
7 16 732
89 84 982
22 61 816
99 26 879
98 71 99
31 94 797
39 57 116
36 76 964
84 64 907
74 94 952
41 35 624
98 41 131
67 18 357
94 27 969
12 39 614
85 34 460
40 28 630
39 41 414
62 35 827
12 98 681
4 55 785
70 99 643
73 91 930
53 48 234
83 26 95
66 61 573
26 79 235
15 88 740
53 15 347
1 79 315
24 78 980
57 68 409
55 63 629
40 89 465
48 22 303
43 27 876
98 8 978
81 48 779
51 56 924
37 1 538
90 32 939
3 39 533
14 35 998
57 60 293
30 78 617
77 39 658
9 60 148
76 34 582
96 82 97
91 57 420
76 38 115
40 74 308
16 2 769
6 18 744
15 14 962
84 100 465
42 87 456
45 63 713
46 18 470
66 19 495
39 67 93
53 6 547
32 48 424
90 35 131
70 60 686
5 75 885
83 63 915
14 38 767
65 6 368
29 92 220
90 52 291
83 18 575
25 84 546
74 69 668
4 36 221
36 2 122
11 85 430
46 90 743
29 7 651
56 1 951
64 34 451
18 16 556
39 27 897
3 72 989
55 87 920
54 100 760
31 70 737
97 45 323
28 18 496
27 15 657
94 60 257
43 1 116
41 32 474
59 43 336
72 27 297
80 50 465
95 4 879
71 10 82
3 50 783
99 40 906
60 39 283
14 33 279
32 22 437
26 62 544
39 72 94
94 92 571
38 7 628
66 66 796
27 9 129
9 71 212
50 50 687
5 50 337
56 98 838
67 89 201
98 82 191
17 87 505
78 57 828
68 19 759
23 64 478
58 71 73
47 97 626
50 24 153
29 47 478
36 83 591
76 85 86
29 94 754
73 56 178
3 20 746
39 19 445
61 86 834
23 6 701
25 91 298
63 48 792
13 20 860
15 32 627
54 63 256
22 72 644
41 83 726
86 3 178
97 72 596
36 91 882
50 76 274
6 68 654
52 17 374
14 97 929
41 26 90
76 39 405
6 96 976
60 47 816
3 65 466
16 27 523
100 39 101
64 3 738
35 72 543
21 4 52
5 62 211
46 96 843
17 87 501
5 23 772
37 84 704
88 59 700
87 45 136
47 40 319
51 69 481
81 16 683
96 62 515
30 51 673
54 23 978
89 86 448
13 72 990
22 87 934
15 99 101
83 86 558
59 40 738
73 53 926
71 95 651
42 52 520
64 32 384
70 36 309
41 75 815
83 69 974
65 86 203
58 46 644
34 81 484
71 6 110
92 19 682
59 57 193
66 13 197
7 44 990
11 67 219
38 100 520
7 13 497
42 50 875
44 72 538
93 75 94
53 48 483
27 84 989
5 72 785
80 37 381
45 82 998
77 4 481
78 98 936
21 75 624
75 7 771
40 26 515
99 100 906
67 91 793
55 6 493
64 23 410
52 98 911
49 7 508
13 51 891
51 23 299